   10165332.696910797     
   10312137.585900255     
   10448968.879591903     
   10577103.463544164     
   10697629.354316810     
   10811474.480111107     
   10919433.383322755     
   11022179.284995459     
   11120284.687152857     
   11214237.097063400     
   11304451.913507942     
   11391283.443225475     
   11475034.294506887     
   11555963.367681967     
   11634292.638109105     
   11710212.904602557     
   11783888.654969478     
   11855462.180637889     
   11925057.054384835     
   11992781.069019953     
   12058728.720541514     
   12122983.306725401     
   12185618.701243244     
   12246700.854160141     
   12306289.062065948     
   12364437.045603242     
   12421193.869224632     
   12476604.724127341     
   12530711.558300996     
   12583553.587584510     
   12635167.746882237     
   12685589.078574993     
   12734851.057871873     
   12782985.863351190     
   12830024.600684520     
   12875997.486425178     
   12920933.997764511     
   12964862.993330237     
   13007812.809402848     
   13049811.335325176     
   13090886.071373612     
   13131064.171921121     
   13170372.476342192     
   13208837.529781077     
   13246485.595625190     
   13283342.661267087     
   13319434.438521532     
   13354786.359870519     
   13389423.571537076     
   13423370.924241232     
   13456652.962355640     
   13489293.912063945     
   13521317.669021044     
   13552747.785926728     
   13583607.460342910     
   13613919.523020228     
   13643706.426937899     
   13672990.237212103     
   13701792.621984502     
   13730134.844365627     
   13758037.755478287     
   13785521.788618404     
   13812606.954532836     
   13839312.837793726     
   13865658.594237341     
   13891662.949425463     
   13917344.198071210     
   13942720.204395318     
   13967808.403340271     
   13992625.802506588     
   14017188.984929895     
   14041514.112431755     
   14065616.929576552     
   14089512.768130001     
   14113216.551932551     
   14136742.802107722     
   14160105.642548118     
   14183318.805646379     
   14206395.638261918     
   14229349.107915023     
   14252191.809188997     
   14274935.970303796     
   14297593.459819054     
   14320175.793419983     
   14342694.140746113     
   14365159.332227184     
   14387581.865896590     
   14409971.914158475     
   14432339.330487877     
   14454693.656047942     
   14477044.126209661     
   14499399.676964454     
   14521768.951218996     
   14544160.304966850     
   14566581.813330257     
   14589041.276469905     
   14611546.225358419     
   14634103.927418070     
   14656721.392021788     
   14679405.375858927     
   14702162.388166813     
   14724998.695832126     
   14747920.328364246     
   14770933.082744956     
   14794042.528159386     
   14817254.010612480     
   14840572.657437410     
   14864003.381699771     
   14887550.886505725     
   14911219.669218276     
   14935014.025589095     
   14958938.053811092     
   14982995.658499008     
   15007190.554603763     
   15031526.271266153     
   15056006.155617362     
   15080633.376530366     
   15105410.928328859     
   15130341.634459313     
   15155428.151130768     
   15180672.970927015     
   15206078.426396456     
   15231646.693623563     
   15257379.795785312     
   15283279.606697017     
   15309347.854349788     
   15335586.124443257     
   15361995.863915544     
   15388578.384472257     
   15415334.866116997     
   15442266.360683551     
   15469373.795371810     
   15496657.976287303     
   15524119.591984529     
   15551759.217014449     
   15579577.315474993     
   15607574.244564606     
   15635750.258136913     
   15664105.510256160     
   15692640.058750598     
   15721353.868763208     
   15750246.816296795     
   15779318.691751642     
   15808569.203453302     
   15837997.981167542     
   15867604.579600118     
   15897388.481878418     
   15927349.103012083     
   15957485.793329177     
   15987797.841885718     
