   10007385.652151346     
   10008500.835334621     
   10011124.719083115     
   10015607.374867236     
   10022134.878580118     
   10030781.106141277     
   10041546.527553437     
   10054376.215798633     
   10069181.335010400     
   10085852.792523654     
   10104270.398612686     
   10124309.267551968     
   10145844.227900850     
   10168752.795646204     
   10192917.112649675     
   10218225.144487569     
   10244571.352696104     
   10271856.998080334     
   10299990.188930511     
   10328885.757184254     
   10358465.024137972     
   10388655.503839549     
   10419390.588314770     
   10450609.274578484     
   10482256.069804028     
   10514281.424670346     
   10546641.971204365     
   10579293.941254510     
   10612192.861582108     
   10645301.251714708     
   10678585.977426572     
   10712016.806968601     
   10745566.105586583     
   10779208.626492705     
   10812921.324093286     
   10846683.184785204     
   10880475.073122147     
   10914279.591670852     
   10948080.953119908     
   10981864.863355886     
   11015618.414435141     
   11049329.986125011     
   11082989.154949000     
   11116586.611348681     
   11150114.081918564     
   11183564.257536400     
   11216930.726468630     
   11250207.911924789     
   11283391.013623510     
   11316475.952992609     
   11349459.321680592     
   11382338.333104903     
   11415110.776799291     
   11447774.975362366     
   11480329.743835198     
   11512774.351362754     
   11545108.485014791     
   11577332.215657791     
   11609445.965785481     
   11641450.479226943     
   11673346.792659353     
   11705136.208865447     
   11736820.271676704     
   11768400.742556341     
   11799879.578775834     
   11831258.913143439     
   11862541.035237692     
   11893728.374078888     
   11924823.482119270     
   11955829.020329544     
   11986747.743975855     
   12017582.488452598     
   12048336.154469423     
   12079011.692354906     
   12109612.086507164     
   12140140.342355095     
   12170599.477988087     
   12200992.520413790     
   12231322.504181048     
   12261592.469849352     
   12291805.461129982     
   12321964.520877121     
   12352072.686633686     
   12382132.986330396     
   12412148.434447907     
   12442122.028730450     
   12472056.747431772     
   12501955.547040965     
   12531821.360428758     
   12561657.095361320     
   12591465.633332256     
   12621249.828671537     
   12651012.507894713     
   12680756.469258226     
   12710484.482492447     
   12740199.288686315     
   12769903.600299260     
   12799600.101279397     
   12829291.447269239     
   12858980.265880190     
   12888669.157021966     
   12918360.693271179     
   12948057.420267384     
   12977761.857125178     
   13007476.496851683     
   13037203.806761188     
   13066946.228879107     
   13096706.180327790     
   13126486.053689312     
   13156288.217340015     
   13186115.015752263     
   13215968.769761130     
   13245851.776791902     
   13275766.311048808     
   13305714.623660924     
   13335698.942786850     
   13365721.473676698     
   13395784.398691759     
   13425889.877282979     
   13456040.045928974     
   13486237.018034928     
   13516482.883794371     
   13546779.710014833     
   13577129.539911184     
   13607534.392867679     
   13637996.264171578     
   13668517.124721205     
   13699098.920711139     
   13729743.573297402     
   13760452.978245141     
   13791229.005562447     
   13822073.499123780     
   13852988.276283382     
   13883975.127482224     
   13915035.815856472     
   13946172.076843863     
   13977385.617790565     
   14008678.117568433     
   14040051.226198193     
   14071506.564483618     
   14103045.723657703     
   14134670.265045267     
   14166381.719742069     
   14198181.588314036     
   14230071.340516215     
   14262052.415036578     
   14294126.219262002     
   14326294.129071483     
   14358557.488655645     
   14390917.610364810     
