   10013838.271139497     
   10031327.805269852     
   10057332.095452147     
   10090024.655929441     
   10127964.794770142     
   10170008.240761831     
   10215241.105756229     
   10262930.292687779     
   10312485.775976200     
   10363436.196888642     
   10415434.669655351     
   10468132.366755329     
   10521274.844916839     
   10574657.156304117     
   10628112.763997640     
   10681506.298932828     
   10734727.725772953     
   10787687.633244930     
   10840313.426777545     
   10892546.247701632     
   10944338.478988601     
   10995651.725318870     
   11046455.177138103     
   11096724.285709895     
   11146439.690033654     
   11195586.347637361     
   11244152.830251383     
   11292130.752663769     
   11339514.308987988     
   11386299.895406544     
   11432485.802397167     
   11478071.962674359     
   11523059.743721167     
   11567451.775963334     
   11611251.809464559     
   11654464.593662458     
   11697095.776537841     
   11739151.823809471     
   11780639.984828783     
   11821568.522031575     
   11861946.486485159     
   11901782.705165049     
   11941086.389645094     
   11979867.257217625     
   12018135.466233384     
   12055901.558229825     
   12093176.406609891     
   12129971.170450278     
   12166297.252412425     
   12202166.260019343     
   12237589.969771856     
   12272580.293731559     
   12307149.248306645     
   12341308.925051918     
   12375071.463350264     
   12408449.024877146     
   12441453.769772870     
   12474097.834464500     
   12506393.311084589     
   12538352.228441378     
   12569986.534493145     
   12601308.080281293     
   12632328.605274070     
   12663059.724070800     
   12693512.914413176     
   12723699.506450431     
   12753630.673200805     
   12783317.422193449     
   12812770.587964702     
   12842000.826044930     
   12871018.607402813     
   12899834.214052806     
   12928457.735442655     
   12956899.065618414     
   12985167.901109824     
   13013273.739478683     
   13041225.878476053     
   13069033.415755387     
   13096705.249090144     
   13124250.077047799     
   13151676.400073761     
   13178992.521941574     
   13206206.551526407     
   13233326.404864907     
   13260359.807462735     
   13287314.296817191     
   13314197.225122597     
   13341015.762129322     
   13367776.898130987     
   13394487.447056312     
   13421154.049645526     
   13447783.176696744     
   13474381.132372679     
   13500954.057567181     
   13527507.933349598     
   13554048.584530830     
   13580581.683447002     
   13607112.754118901     
   13633647.176857512     
   13660190.192533875     
   13686746.904091431     
   13713322.274059702     
   13739921.121813087     
   13766548.125043793     
   13793207.824800285     
   13819904.631104944     
   13846642.827684194     
   13873426.575691920     
   13900259.916696960     
   13927146.775194447     
   13954090.960822692     
   13981096.170397930     
   14008165.989833035     
   14035303.895977596     
   14062513.258400545     
   14089797.341126276     
   14117159.304329989     
   14144602.205995006     
   14172129.003534691     
   14199742.555379644     
   14227445.622532438     
   14255240.870091587     
   14283130.868746256     
   14311118.096245393     
   14339204.938843371     
   14367393.692725006     
   14395686.565413129     
   14424085.677162627     
   14452593.062343070     
   14481210.670813687     
   14509940.369292591     
   14538783.942723896     
   14567743.095644826     
   14596819.453557704     
   14626014.564308157     
   14655329.899470691     
   14684766.855743662     
   14714326.756356321     
   14744010.852488248     
   14773820.324703911     
   14803756.284402378     
   14833819.775283670     
   14864011.774831783     
   14894333.195815662     
   14924784.887807718     
   14955367.638719868     
   14986082.176357467     
   15016929.169990577     
   15047909.231940828     
   15079022.919186026     
