   10007194.788047656     
   10007196.756901320     
   10007207.864764076     
   10007243.096819155     
   10007325.501795586     
   10007485.405961793     
   10007759.069639904     
   10008187.139082121     
   10008813.106306164     
   10009681.896642646     
   10010838.645303564     
   10012327.691971775     
   10014191.775531866     
   10016471.410728639     
   10019204.435293414     
   10022425.703758741     
   10026166.903433740     
   10030456.469639067     
   10035319.579663070     
   10040778.207553163     
   10046851.224523809     
   10053554.532286456     
   10060901.218894918     
   10068901.728721587     
   10077564.039925000     
   10086893.844248960     
   10096894.725228446     
   10107568.331897287     
   10118914.545920677     
   10130931.640740102     
   10143616.431846920     
   10156964.417711161     
   10170969.911209555     
   10185626.161636602     
   10200925.467562040     
   10216859.280935850     
   10233418.302968867     
   10250592.572532546     
   10268371.548788996     
   10286744.197918354     
   10305699.090307683     
   10325224.429496752     
   10345308.075000143     
   10365937.597454594     
   10387100.331083130     
   10408783.420718569     
   10430973.864144100     
   10453658.550379148     
   10476824.294426424     
   10500457.868906632     
   10524546.032935154     
   10549075.558540227     
   10574033.254874188     
   10599405.990432769     
   10625180.713465666     
   10651344.470737042     
   10677884.424772391     
   10704787.869710252     
   10732042.245863603     
   10759635.153081346     
   10787554.362991262     
   10815787.830196371     
   10844323.702488834     
   10873150.330139499     
   10902256.274316389     
   10931630.314679960     
   10961261.456199914     
   10991138.935234992     
   11021252.224914677     
   11051591.039858755     
   11082145.340269342     
   11112905.335429143     
   11143861.486635681     
   11175004.509602863     
   11206325.376357837     
   11237815.316661999     
   11269465.818982111     
   11301268.631038127     
   11333215.759952575     
   11365299.472025875     
   11397512.292161580     
   11429847.002964402     
   11462296.643532980     
   11494854.507969888     
   11527514.143630130     
   11560269.349129634     
   11593114.172136202     
   11626042.906965205     
   11659050.092006413     
   11692130.507010374     
   11725279.170274418     
   11758491.335779764     
   11791762.490362881     
   11825088.351058887     
   11858464.862861164     
   11891888.197347153     
   11925354.752939720     
   11958861.157609973     
   11992404.271945294     
   12025981.179534541     
   12059589.149053801     
   12093225.592513038     
   12126888.063942445     
   12160574.287958058     
   12194282.178404653     
   12228009.840217913     
   12261755.564255262     
   12295517.820752716     
   12329295.253030716     
   12363086.671684617     
   12396891.049183622     
   12430707.514771171     
   12464535.349582940     
   12498373.981922291     
   12532222.982651610     
   12566082.060670938     
   12599951.058463736     
   12633829.947697099     
   12667718.824865846     
   12701617.906975383     
   12735527.527259851     
   12769448.130931545     
   12803380.270961775     
   12837324.603892643     
   12871281.885679074     
   12905252.967561955     
   12939238.791973842     
   12973240.388477597     
   13007258.869748669     
   13041295.427572396     
   13075351.328893747     
   13109427.911892818     
   13143526.582111828     
   13177648.808637531     
   13211796.120312853     
   13245970.101995753     
   13280172.390865583     
   13314404.672780180     
   13348668.678685235     
   13382966.181076128     
   13417298.990516791     
   13451668.952215664     
   13486077.942660332     
   13520527.866314836     
   13555020.652378896     
   13589558.251613054     
   13624142.633229701     
   13658775.781853119     
   13693459.694549548     
   13728196.377929378     
