   10007199.183332229     
   10007251.627662027     
   10007443.174119547     
   10007886.971359879     
   10008700.308955051     
   10009994.080854196     
   10011867.345448270     
   10014404.656739604     
   10017675.217618082     
   10021733.417681949     
   10026620.025632743     
   10032363.692168098     
   10038982.551365361     
   10046485.791754650     
   10054875.123505073     
   10064146.104214232     
   10074289.308822079     
   10085291.343411598     
   10097135.711046498     
   10109803.542351438     
   10123274.205679851     
   10137525.812466519     
   10152535.633674167     
   10168280.444560481     
   10184736.821231235     
   10201881.432298101     
   10219691.330771370     
   10238143.833835730     
   10257216.203031026     
   10276885.970327694     
   10297131.168287609     
   10317930.378970761     
   10339262.752416613     
   10361108.015831633     
   10383446.476319876     
   10406259.018838225     
   10429527.100649653     
   10453232.743261181     
   10477358.522607738     
   10501887.558069246     
   10526803.500773951     
   10552090.521508334     
   10577733.298446100     
   10603717.004967639     
   10630027.297594979     
   10656650.304138787     
   10683572.612104863     
   10710781.257379822     
   10738263.713198043     
   10766007.879384004     
   10794002.071855998     
   10822235.012376456     
   10850695.818533881     
   10879373.993944310     
   10908259.418663234     
   10937342.339806600     
   10966613.362385131     
   10996063.440364039     
   11025683.867970627     
   11055466.271282388     
   11085402.600137351     
   11115485.120415037     
   11145706.406732006     
   11176059.335561344     
   11206537.078686139     
   11237133.096658863     
   11267841.131460838     
   11298655.196737705     
   11329569.563008979     
   11360578.735141803     
   11391677.422493150     
   11422860.510131609     
   11454123.047220841     
   11485460.262984589     
   11516867.599625148     
   11548340.737575924     
   11579875.598570280     
   11611468.331290897     
   11643115.292093057     
   11674813.029014528     
   11706558.270858489     
   11738347.919926777     
   11770179.046653772     
   11802048.885075761     
   11833954.828668687     
   11865894.426386615     
   11897865.378847176     
   11929865.534643589     
   11961892.886773109     
   11993945.569176188     
   12026021.853380887     
   12058120.145246960     
   12090238.981803561     
   12122377.028174391     
   12154533.074584955     
   12186706.033444574     
   12218894.936496057     
   12251098.932028458     
   12283317.282144427     
   12315549.360077778     
   12347794.647553787     
   12380052.732187802     
   12412323.304916237     
   12444606.157455031     
   12476901.179780910     
   12509208.357631473     
   12541527.770019533     
   12573859.586759543     
   12606204.066001136     
   12638561.551768580     
   12670932.471502608     
   12703317.333604049     
   12735716.724975305     
   12768131.308560811     
   12800561.820883546     
   12833009.069577683     
   12865473.930916784     
   12897957.347337363     
   12930460.324958049     
   12962983.931094380     
   12995529.291769892     
   13028097.589224610     
   13060690.059421407     
   13093307.989551734     
   13125952.715542743     
   13158625.619564993     
   13191328.127545636     
   13224061.706686767     
   13256827.863004014     
   13289628.138818348     
   13322464.110358542     
   13355337.385267060     
   13388249.600224342     
   13421202.418522837     
   13454197.527681148     
   13487236.637081848     
   13520321.475634396     
   13553453.789464468     
   13586635.339634618     
   13619867.899894968     
   13653153.254469380     
   13686493.195877772     
   13719889.522797124     
   13753344.037963130     
   13786858.546115123     
   13820434.851985570     
   13854074.758336160     
   13887780.064043257     
   13921552.562233077     
   13955394.038469667     
