           2 phases
   10000000.000000000      pressure
 z_factor:  0.87473932983083669     
 V0   1.5699792000515914E-002 Sw  0.82896553410143548     
 Ncz
   45549.824780166127       0.98292559106572297     
   1.0826381781922056E-002   2.3362390005795541E-007
   789.31103140074674        1.7032645368420776E-002
   0.0000000000000000        0.0000000000000000     
   3.0468870775782897E-006   6.5749172386349355E-011
  0.81682423785261837        1.7626356427559573E-005
   1.2779623716577749E-002   2.7577316171546196E-007
   1.2096508304681218E-002   2.6103212542719612E-007
   0.0000000000000000        0.0000000000000000     
  0.19616944198106798        4.2331658933676981E-006
  0.88666913754789445        1.9133548598928754E-005
   0.0000000000000000        0.0000000000000000     
   0.0000000000000000        0.0000000000000000     
   0.0000000000000000        0.0000000000000000     
   299.73324004091626     
   355.70750787170016     
   1078.0095092879224     
   2987.4982697921751     
   2153.8907553511235     
 theta
  0.98687954431396774        1.0037627161848572        1.0088700708334657        7343831226.5719175        6.2373748707698273E-014   8.7039700656850675E-024  0.99999879653572687        5.1837500940311017E-026   4.4053515845048727E-002   1.0000000737420369     
