  -83341.440882122653     
  -83341.615668234852     
  -83341.388517541563     
  -83340.148855293635     
  -83336.955794512120     
  -83330.570544137358     
  -83319.511165709046     
  -83302.115169772893     
  -83276.602603879335     
  -83241.134122572606     
  -83193.861331108637     
  -83132.968546244927     
  -83056.706067034247     
  -82963.415580387518     
  -82851.548599032933     
  -82719.678930551512     
  -82566.510170895854     
  -82390.879150006702     
  -82191.756169808315     
  -81968.242755387168     
  -81719.567542985184     
  -81445.080817292648     
  -81144.248117496594     
  -80816.643245343570     
  -80461.940917221626     
  -80079.909196439810     
  -79670.401671670581     
  -79233.349655123850     
  -78768.755908474428     
  -78276.689401963595     
  -77757.279454888150     
  -77210.709837374205     
  -76637.213256808958     
  -76037.066258681371     
  -75410.584528364387     
  -74758.118572993466     
  -74080.049761274582     
  -73376.786696229407     
  -72648.761894292707     
  -71896.428751913438     
  -71120.258770614033     
  -70320.739022023059     
  -69498.369830754353     
  -68653.662655372653     
  -67787.138149779305     
  -66899.324388854890     
  -65990.755242057930     
  -65061.968882139197     
  -64113.506417178163     
  -63145.910632645879     
  -62159.724836298665     
  -61155.491793517656     
  -60133.752747947154     
  -59095.046521101300     
  -58039.908678554537     
  -56968.870764533422     
  -55882.459596850356     
  -54781.196614573681     
  -53665.597279023823     
  -52536.170522857217     
  -51393.418242456253     
  -50237.834832939072     
  -49069.906759596292     
  -47890.112167117150     
  -46698.920520002379     
  -45496.792275071311     
  -44284.178580643988     
  -43061.521003852635     
  -41829.251285898143     
  -40587.791129574282     
  -39337.552031894578     
  -38078.935179846529     
  -36812.331436354347     
  -35538.121421588803     
  -34256.675651651647     
  -32968.354645497224     
  -31673.508911370038     
  -30372.478801155939     
  -29065.594302938069     
  -27753.174863848260     
  -26435.529291917825     
  -25112.955730413716     
  -23785.741690907162     
  -22454.164116303247     
  -21118.489463177371     
  -19778.973795314349     
  -18435.862886901155     
  -17089.392331230105     
  -15739.787658780024     
  -14387.264460942099     
  -13032.028518023948     
  -11674.275934716965     
  -10314.193280750269     
  -8951.9577343181609     
  -7587.7372315573684     
  -6221.6906199340910     
  -4853.9678135376462     
  -3484.7099539211208     
  -2114.0495722102278     
  -742.11075484650485     
   630.99068972084137     
   2005.1470602090537     
   3380.2585925940930     
   4756.2332860696215     
   6132.9867291966157     
   7510.4419249240264     
   8888.5291136160376     
   10267.185596634756     
   11646.355559204145     
   13025.989891281164     
   14406.046010985152     
   15786.487685306472     
   17167.284851462209     
   18548.413440264201     
   19929.855196766577     
   21311.597503062196     
   22693.633201498698     
   24075.960417449529     
   25458.582384461322     
   26841.507267636487     
   28224.747989255557     
   29608.322056093199     
   30992.251386015843     
   32376.562136500368     
   33761.284533071339     
   35146.452701524948     
   36532.104498478402     
   37918.281345296367     
   39305.028062117410     
   40692.392703664344     
   42080.426397884854     
   43469.183183872861     
   44858.719853848539     
   46249.095794782741     
   47640.372833624868     
   49032.615083585471     
   50425.888792884180     
   51820.262194506788     
   53215.805360292805     
   54612.590054575718     
   56010.689591744034     
   57410.178697267736     
   58811.133368185918     
   60213.630739107262     
   61617.748949263645     
   63023.567012209736     
   64431.164689396523     
   65840.622365116244     
   67252.020925912482     
   68665.441641816273     
