  -83069.156651278958     
  -82352.871765385018     
  -81288.132510411000     
  -79950.005969492297     
  -78397.698892922795     
  -76676.101858906055     
  -74822.483806956574     
  -72868.189787292053     
  -70837.353908876903     
  -68749.450917756461     
  -66620.232014182213     
  -64462.458662520636     
  -62286.483373559691     
  -60100.712260112232     
  -57911.975218658125     
  -55725.823285705679     
  -53546.768160767031     
  -51378.475535880738     
  -49223.921355240200     
  -47085.518221553597     
  -44965.217687502220     
  -42864.593016957573     
  -40784.906063428672     
  -38727.161093334784     
  -36692.147467494673     
  -34680.471672185777     
  -32692.580506451683     
  -30728.795996863097     
  -28789.353527306874     
  -26874.405513412723     
  -24984.025838100868     
  -23118.219669314945     
  -21276.932279120432     
  -19460.056375979490     
  -17667.438223695834     
  -15898.882790813012     
  -14154.158131070921     
  -12432.999154582965     
  -10735.110917107377     
  -9060.1715272806014     
  -7407.8347528262047     
  -5777.7323834409763     
  -4169.4764010892022     
  -2582.6609890423929     
  -1016.8644105882231     
   528.34922628029381     
   2053.4282986553144     
   3558.8320867810853     
   5045.0292718742194     
   6512.4965074510146     
   7961.7170612386617     
   9393.1795270234979     
   10807.376602968379     
   12204.803935343885     
   13585.959030168466     
   14951.340227425180     
   16301.445741534380     
   17636.772763843186     
   18957.816630538873     
   20265.070049609032     
   21559.022390711489     
   22840.159033716729     
   24108.960775599691     
   25365.903292400290     
   26611.456657158928     
   27846.084910319587     
   29070.245679275311     
   30284.389847599425     
   31488.961260991695     
   32684.396484861856     
   33871.124575918642     
   35049.566883826024     
   36220.136865043372     
   37383.239917403684     
   38539.273248123776     
   39688.625786209523     
   40831.678148218482     
   41968.802648778394     
   43100.363336021561     
   44226.716048705974     
   45348.208484966875     
   46465.180275373648     
   47577.963067391138     
   48686.880614010151     
   49792.248871235017     
   50894.376103153816     
   51993.562990860773     
   53090.102748734935     
   54184.281244799313     
   55276.377126070998     
   56366.661944443680     
   57455.400287471093     
   58542.849909638571     
   59629.261863485801     
   60714.880632674664     
   61799.944262725679     
   62884.684491971355     
   63969.326880634217     
   65054.090938120891     
   66139.190247668274     
   67224.832589206912     
   68311.220059349900     
   69398.549187552446     
   70487.011050944944     
   71576.791382789597     
   72668.070682341335     
   73761.024316922820     
   74855.822623038344     
   75952.631002978669     
   77051.610020238018     
   78152.915488147599     
   79256.698559733442     
   80363.105810381909     
   81472.279320319605     
   82584.356753586777     
   83699.471433686340     
   84817.752417637719     
   85939.324567844189     
   87064.308619862873     
   88192.821251446730     
   89324.975146533863     
   90460.879059826344     
   91600.637878091511     
   92744.352681825345     
   93892.120805913073     
   95044.035896557514     
   96200.187970025669     
   97360.663470938496     
   98525.545327966334     
   99694.913010614167     
   100868.84258541434     
   102047.40677289088     
   103230.67500215654     
   104418.71346873850     
   105611.58518958189     
   106809.35006078109     
   108012.06491535489     
   109219.78357865450     
   110432.55692950191     
   111650.43295691315     
   112873.45682000484     
   114101.67090848980     
   115335.11490408074     
   116573.82583907092     
   117817.83816278356     
   119067.18380064874     
   120321.89222037503     
   121581.99049502521     
   122847.50336954756     
   124118.45332421007     
