  -83341.261444128599     
  -83339.367291838047     
  -83331.748314091863     
  -83313.773317881438     
  -83280.641149462637     
  -83227.812374746456     
  -83151.232253285387     
  -83047.439846676541     
  -82913.602888792360     
  -82747.495827383143     
  -82547.451021121014     
  -82312.297210574310     
  -82041.293959588642     
  -81734.067350540703     
  -81390.549962726713     
  -81010.926674051501     
  -80595.586872414962     
  -80145.083082324403     
  -79660.095657172002     
  -79141.403014814103     
  -78589.856800892841     
  -78006.361347559359     
  -77391.856789094178     
  -76747.305177010101     
  -76073.678774107364     
  -75371.949116668169     
  -74643.075423879491     
  -73888.004105221393     
  -73107.685319533513     
  -72303.064344236598     
  -71475.068666237479     
  -70624.604875469362     
  -69752.557618872597     
  -68859.788928586597     
  -67947.137764329033     
  -67015.419709386537     
  -66065.426770482940     
  -65097.927254465161     
  -64113.665700759972     
  -63113.362864626855     
  -62097.715741180858     
  -61067.397636958995     
  -60023.058294030037     
  -58965.324069962415     
  -57894.798181337297     
  -56812.061019540968     
  -55717.670538011116     
  -54612.162715165206     
  -53496.052087360848     
  -52369.832346057330     
  -51233.976992937089     
  -50088.940038143890     
  -48935.156732165822     
  -47773.044316202031     
  -46603.002778173810     
  -45425.415605501956     
  -44240.650520582698     
  -43049.060191723722     
  -41850.982916079483     
  -40646.743264616605     
  -39436.652690656367     
  -38221.010100309846     
  -37000.102379934884     
  -35774.204886668973     
  -34543.581898487741     
  -33308.487025382667     
  -32069.163584526585     
  -30825.844943525462     
  -29578.754845414504     
  -28328.107742440141     
  -27074.109190566956     
  -25816.956347996253     
  -24556.838552740635     
  -23293.937756558047     
  -22028.428431692719     
  -20760.476781792382     
  -19490.239709810845     
  -18217.864328473006     
  -16943.488366644644     
  -15667.241154361089     
  -14389.244651617322     
  -13109.614211446537     
  -11828.459044205320     
  -10545.882477431080     
  -9261.9821129608918     
  -7976.8499384372071     
  -6690.5724253807794     
  -5403.2306181098693     
  -4114.9002247021663     
  -2825.6517062674243     
  -1535.5503654411195     
  -244.65643787661443     
   1046.9748194082592     
   2339.2930361399617     
   3632.2526388602591     
   4925.8127600467205     
   6219.9371470108754     
   7514.5940711656631     
   8809.7562370249852     
   10105.400692164130     
   11401.508734636800     
   12698.065822490724     
   13995.061482833335     
   15292.489220401923     
   16590.346425729367     
   17888.634282632363     
   19187.357675886826     
   20486.525099044979     
   21786.148561483944     
   23086.243493366055     
   24386.828652697855     
   25687.926029800234     
   26989.560752967009     
   28291.760991716794     
   29594.557861187845     
   30897.985324717800     
   32202.080096565198     
   33506.881544317737     
   34812.431590168111     
   36118.774612468151     
   37425.957346423558     
   38734.028784156915     
   40043.040075822486     
   41353.044429088084     
   42664.097008986224     
   43976.254838361943     
   45289.576697506898     
   46604.123023570879     
   47919.955811616710     
   49237.138514770122     
   50555.735945148212     
   51875.814175657448     
   53197.440440295119     
   54520.683039051371     
   55845.611239630707     
   57172.295182500435     
   58500.805785215234     
   59831.214650386828     
   61163.593971655944     
   62498.016442854023     
   63834.555168716324     
   65173.283575417219     
   66514.275324112896     
   67857.604226444542     
   69203.344159499684     
   70551.568985509468     
   71902.352470867001     
   73255.768209290283     
   74611.889545989252     
   75970.789502974279     
