  -76863.960050372683     
  -70851.448681020280     
  -65247.839926130408     
  -60000.757150245619     
  -55065.577721781912     
  -50404.247406538008     
  -45984.187134231695     
  -41777.795754756837     
  -37761.601951619828     
  -33915.620034364336     
  -30222.821087532480     
  -26668.680961141137     
  -23240.794928459251     
  -19928.549960652916     
  -16722.846571897640     
  -13615.863124839259     
  -10600.856358213274     
  -7671.9927184644839     
  -4824.2058092231382     
  -2053.0759475914410     
   645.27160746970219     
   3274.2526560375181     
   5836.8967643962196     
   8335.9087556136419     
   10773.720775875052     
   13152.536504096097     
   15474.368938704096     
   17741.072270197863     
   19954.367266399760     
   22115.862450189386     
   24227.072794320284     
   26289.435648153194     
   28304.324051004438     
   30273.057806165401     
   32196.912638157919     
   34077.127717009069     
   35914.911789688267     
   37711.448128823555     
   39467.898473379340     
   41185.406119388608     
   42865.098294010946     
   44508.087925056469     
   46115.474912822603     
   47688.346983640084     
   49227.780205698182     
   50734.839232422157     
   52210.577321241923     
   53656.036187735554     
   55072.245727734495     
   56460.223642431498     
   57820.975001576095     
   59155.491762457925     
   60464.752271433521     
   61749.720758596595     
   63011.346846476335     
   64250.565074536127     
   65468.294456762298     
   66665.438072796140     
   67842.882698887304     
   69001.498483036368     
   70142.138664325510     
   71265.639336892767     
   72372.819262372082     
   73464.479723383323     
   74541.404423351167     
   75604.359427194431     
   76654.093141249046     
   77691.336330379942     
   78716.802173874152     
   79731.186345743379     
   80735.167130399917     
   81729.405561790176     
   82714.545583940984     
   83691.214229827194     
   84660.021816971639     
   85621.562155730120     
   86576.412773585223     
   87525.135151765702     
   88468.274972692365     
   89406.362379890852     
   90339.912244413455     
   91269.424438409827     
   92195.384111935913     
   93118.261972821885     
   94038.514567553517     
   94956.584560985779     
   95872.901016528296     
   96787.879672664523     
   97701.923217808333     
   98615.421560406117     
   99528.752096560667     
   100442.27997258538     
   101356.35834235359     
   102271.32861971762     
   103187.52072581671     
   104105.25333186651     
   105024.83409474733     
   105946.55988812154     
   106870.71702762575     
   107797.58149050231     
   108727.41912998952     
   109660.48588383492     
   110597.02797875134     
   111537.28212772371     
   112481.47572512532     
   113429.82703464040     
   114382.54537472478     
   115339.83129837437     
   116301.87676997836     
   117268.86533702700     
   118240.97230099703     
   119218.36488200098     
   120201.20238161366     
   121189.63634442179     
   122183.81071465769     
   123183.86199255745     
   124189.91938730456     
   125202.10496997119     
   126220.53382254501     
   127245.31418831834     
   128276.54761863560     
   129314.32912091257     
   130358.74730378737     
   131409.88452372476     
   132467.81703048103     
   133532.61511038287     
   134604.34323228776     
   135683.06019185847     
   136768.81925565362     
   137861.66830662504     
   138961.64998765642     
   140068.80184687328     
   141183.15648235875     
   142304.74168750222     
   143433.58059589076     
   144569.69182687893     
   145713.08963088208     
   146863.78403493931     
   148021.78098845441     
   149187.08250806856     
   150359.68682353006     
   151539.58852260449     
   152726.77869575334     
   153921.24508026251     
   155122.97220486723     
   156331.94153223367     
   157548.13160120999     
   158771.51816943544     
   160002.07435280725     
   161239.77076526085     
