  -83333.336772304436     
  -83287.654049420118     
  -83180.170029457004     
  -82996.546274567358     
  -82729.162409057666     
  -82374.992109963889     
  -81934.017514492152     
  -81408.490751522855     
  -80802.051641996615     
  -80119.169793826048     
  -79364.769590239361     
  -78543.968165619212     
  -77661.894831282902     
  -76723.569220968784     
  -75733.821689656281     
  -74697.244000586783     
  -73618.161577280844     
  -72500.620947171963     
  -71348.387713396500     
  -70164.951616017686     
  -68953.536106316649     
  -67717.110385945605     
  -66458.401927817758     
  -65179.906482857405     
  -63883.888214291313     
  -62572.354597252364     
  -61247.091141184552     
  -59909.976366660143     
  -58562.800707644150     
  -57207.073488013317     
  -55844.149961515956     
  -54475.268406837247     
  -53101.560738793582     
  -51724.061001665432     
  -50343.713017362490     
  -48961.377321616928     
  -47577.837473545544     
  -46193.805805801196     
  -44809.928670649359     
  -43426.791236758538     
  -42044.921874783446     
  -40664.796215070688     
  -39286.840845999803     
  -37911.436733601200     
  -36538.922404802732     
  -35169.596892951704     
  -33803.722480314478     
  -32441.527257185593     
  -31083.207515962778     
  -29728.929997132072     
  -28378.833998598475     
  -27033.033360206591     
  -25691.618332836737     
  -24354.657342463081     
  -23022.198652003750     
  -21694.271931439227     
  -20370.889738163478     
  -19052.048912763363     
  -17737.731894238252     
  -16427.907959081062     
  -15122.534382224037     
  -13821.557529595166     
  -12524.913876692537     
  -11232.530960828331     
  -9944.3282662283818     
  -8660.2180453147957     
  -7380.1060818200449     
  -6103.8924050215783     
  -4831.4719738064487     
  -3562.7353564196255     
  -2297.5694370270585     
  -1035.8581562832308     
   222.51676789292614     
   1477.6752380455930     
   2729.7383839715021     
   3978.8283599444317     
   5225.0682306483868     
   6468.5818418248382     
   7709.4936370432197     
   8947.9284334313325     
   10184.011186585518     
   11417.866768871365     
   12649.619770852647     
   13879.394330352285     
   15107.313984729297     
   16333.501546962125     
   17558.079001304628     
   18781.167416101831     
   20002.886873719028     
   21223.356412486435     
   22442.693981842007     
   23661.016408032388     
   24878.439368096038     
   26095.077373493448     
   27311.043759470438     
   28526.450681519389     
   29741.409116298917     
   30956.028866056007     
   32170.418567961391     
   33384.685705308904     
   34598.936621534609     
   35813.276535007790     
   37027.809555549342     
   38242.638701722251     
   39457.865917665280     
   40673.592089743048     
   41889.917064195870     
   43106.939662512792     
   44324.757695529333     
   45543.467978798224     
   46763.166343544930     
   47983.947648214045     
   49205.905788604192     
   50429.133703588173     
   51653.723383608536     
   52879.765873575605     
   54107.351275264657     
   55336.568748757338     
   56567.506512108477     
   57800.251837690928     
   59034.891048722871     
   60271.509513883917     
   61510.191639656616     
   62751.020862577199     
   63994.079639120762     
   65239.449435131879     
   66487.210713435852     
   67737.442921723545     
   68990.224478480261     
   70245.632758642576     
   71503.744079119249     
   72764.633682765983     
   74028.375723043486     
   75295.043248266797     
   76564.708185309544     
   77837.441323400009     
   79113.312298418328     
   80392.389577786351     
   81674.740444220501     
   82960.430981032434     
   84249.526058704490     
   85542.089319691426     
   86838.183166817049     
   88137.868749806061     
   89441.205954637611     
   90748.253393399471     
   92059.068393596957     
   93373.706991693631     
   94692.223923694677     
   96014.672620508092     
