  -699896.43660911988     
  -699878.86459305591     
  -699813.39304827421     
  -699661.10517627210     
  -699381.65844943281     
  -698936.91000372462     
  -698292.78919108759     
  -697420.21382171777     
  -696295.38284160686     
  -694899.59169395326     
  -693218.82213768456     
  -691243.22513519484     
  -688966.56976156344     
  -686385.70259650459     
  -683500.04297097365     
  -680311.12704484398     
  -676822.20565208129     
  -673037.89594277309     
  -668963.88397855975     
  -664606.67381991900     
  -659973.37802345457     
  -655071.54421434645     
  -649909.01235235378     
  -644493.79712678876     
  -638833.98843321193     
  -632937.65755699575     
  -626812.75585535634     
  -620467.10470604477     
  -613908.53465437610     
  -607144.81878557464     
  -600183.56720862235     
  -593032.20223079366     
  -585697.95096321939     
  -578187.84138163319     
  -570508.70054604893     
  -562667.15439204453     
  -554669.62869867135     
  -546522.35093419126     
  -538231.35276900581     
  -529802.47308013041     
  -521241.36136371712     
  -512553.48143719195     
  -503744.11542402155     
  -494818.36791215959     
  -485781.17029304540     
  -476637.28522030055     
  -467391.31116332090     
  -458047.68701640604     
  -448610.69670658716     
  -439084.47377099964     
  -429473.00587901560     
  -419780.13923539198     
  -410009.58287097316     
  -400164.91276266903     
  -390249.57581838343     
  -380266.89366533980     
  -370220.06629131763     
  -360112.17548963137     
  -349946.18816828850     
  -339724.95947052032     
  -329451.23575911135     
  -319127.65743284306     
  -308756.76159142860     
  -298340.98453145759     
  -287882.66407043411     
  -277384.04170546104     
  -266847.26464262535     
  -256274.38778885457     
  -245667.37598336861     
  -235028.10694430451     
  -224358.37578951620     
  -213659.90201743625     
  -202934.33897478611     
  -192183.28337516234     
  -181408.27982832328     
  -170610.81654313623     
  -159792.31483128853     
  -148954.12008053664     
  -138097.49965868398     
  -127223.64692382296     
  -116333.68743007975     
  -105428.68432141663     
  -94509.642069867405     
  -83577.508926795243     
  -72633.178640707221     
  -61677.491873868559     
  -50711.237486316728     
  -39735.153749908735     
  -28749.929541557747     
  -17756.205482163452     
  -6754.5750496371202     
   4254.4143110400919     
   15270.260140071916     
   26292.503917702401     
   37320.730051162784     
   48354.564887883287     
   59393.675736400597     
   70437.769922630992     
   81486.593848740478     
   92539.932081189530     
   103597.60644647111     
   114659.47513199260     
   125725.43181394659     
   136795.40477394121     
   147869.35604334646     
   158947.28053530786     
   170029.20519500948     
   181115.18815034651     
   192205.31786264348     
   203299.71226795163     
   214398.51795261481     
   225501.90928592035     
   236610.08759575506     
   247723.28030171114     
   258841.74007991145     
   269965.74400931195     
   281095.59272205527     
   292231.60954913631     
   303374.13967121020     
   314523.54925888783     
   325680.22461526096     
   336844.57132611779     
   348017.01339163678     
   359197.99237887585     
   370387.96655392024     
   381587.41003191256     
   392796.81192057498     
   404016.67546450224     
   415247.51719314005     
   426489.86607754277     
   437744.26268134965     
   449011.25833146146     
   460291.41427019442     
   471585.30084060109     
   482893.49666054628     
   494216.58781320881     
   505555.16704162338     
   516909.83295673132     
   528281.18925129494     
   539669.84393823880     
   551076.40856755164     
   562501.49750364944     
   573945.72716783022     
   585409.71533718542     
   596894.08042461483     
   608399.44079709775     
   619926.41409071768     
   631475.61657085700     
   643047.66247167159     
   654643.16338619252     
