  -173442.63268255955     
  -171947.18706882335     
  -169723.69798643715     
  -166928.35105597219     
  -163684.34374817531     
  -160089.52640718839     
  -156222.04855832283     
  -152144.59932612191     
  -147907.63283853495     
  -143551.45522438575     
  -139105.72867199266     
  -134600.27991202535     
  -130056.86480761560     
  -125493.00654725934     
  -120922.94355193833     
  -116358.24890539030     
  -111808.32929264040     
  -107280.82777089611     
  -102781.94937329802     
  -98316.724577373228     
  -93889.222609049728     
  -89502.724183167797     
  -85159.861403359930     
  -80862.731067236469     
  -76612.986431649901     
  -72411.911543410810     
  -68260.481466731086     
  -64159.411125837316     
  -60109.194960907495     
  -56110.139187291243     
  -52162.388113759931     
  -48265.945698364521     
  -44420.693287769631     
  -40626.404311264268     
  -36882.756535036846     
  -33189.342345664729     
  -29545.677371678623     
  -25951.207394939687     
  -22405.311266931349     
  -18907.281301593208     
  -15456.342461799350     
  -12051.738913834688     
  -8692.6820037261405     
  -5378.3399083772192     
  -2107.8431602871497     
   1119.7104047948401     
   4305.2512608002944     
   7449.7342453334813     
   10554.134960644755     
   13619.446466441352     
   16646.676214462394     
   19636.843189051444     
   22590.975246663882     
   25510.106615373250     
   28395.275563522013     
   31247.522219497558     
   34067.886535932841     
   36857.406394528727     
   39617.115849686968     
   42348.043502351757     
   45051.211004150413     
   47727.631686128669     
   50378.309306194838     
   53004.236915544621     
   55606.395834649389     
   58185.754737540425     
   60743.268837235584     
   63279.879173847941     
   65796.511973050481     
   68294.078135292686     
   70773.472760421457     
   73235.574774621797     
   75681.246621737402     
   78111.334023045740     
   80526.665797247930     
   82928.053737866139     
   85316.292541982111     
   87692.159784792952     
   90056.415942338892     
   92409.804447643197     
   94753.051784973097     
   97086.867613890994     
   99411.944923639574     
   101728.96020654183     
   104038.57365892806     
   106341.42939564487     
   108638.15568303624     
   110929.36518170376     
   113215.65520475054     
   115497.60798263531     
   117775.79093201054     
   120050.75693705624     
   122323.04463126663     
   124593.17868466953     
   126861.67010037231     
   129129.01651844235     
   131395.70253889306     
   133662.20007989334     
   135928.96876920818     
   138196.45631146288     
   140465.09861536376     
   142735.31958416887     
   145007.53087999081     
   147282.13205065482     
   149559.51096098096     
   151840.04427250917     
   154124.09784797917     
   156412.02706933624     
   158704.17709362094     
   161000.88306892704     
   163302.47032201788     
   165609.25453299409     
   167921.54190099705     
   170239.62929922790     
   172563.80442915138     
   174894.34597017223     
   177231.52372089084     
   179575.59874388989     
   181926.82350445466     
   184285.44200530896     
   186651.68992053618     
   189025.79472560680     
   191407.97582432718     
   193798.44467669394     
   196197.40492040987     
   198605.05249421071     
   201021.57575811364     
   203447.15561149226     
   205881.96561350577     
   208326.17209872956     
   210779.93429631667     
   213243.40444463224     
   215716.72791032423     
   218200.04330449758     
   220693.48260069831     
   223197.17125371314     
   225711.22831972723     
   228235.76657530467     
   230770.89263926679     
   233316.70709547543     
   235873.30461706576     
   238440.77409149328     
   241019.19874829761     
   243608.65628550819     
   246209.21900166379     
   248820.95392565869     
   251443.92295075461     
   254078.18296850153     
   256723.78600356434     
   259380.77935199009     
