  -645517.67670576321     
  -595040.66331275075     
  -547997.90191307454     
  -503949.49448075314     
  -462520.66129776428     
  -423391.80507876875     
  -386289.29894638143     
  -350981.31482589187     
  -317270.72093870834     
  -284989.66099204967     
  -253995.11240302384     
  -224165.08991668953     
  -195395.40910783104     
  -167596.93381347504     
  -140693.23988243320     
  -114618.63552678439     
  -89316.485934441152     
  -64737.796607009870     
  -40840.016100676941     
  -17586.024437623575     
   5056.7216168554951     
   27116.910823667928     
   48619.988049245316     
   69588.670619936995     
   90043.385389723640     
   110002.63950415958     
   129483.33685799054     
   148501.04745211033     
   167070.22417813001     
   185204.37864655399     
   202916.23643210379     
   220217.87069230870     
   237120.81411197918     
   253636.15196737208     
   269774.59911094129     
   285546.56320892280     
   300962.19628293929     
   316031.43629013590     
   330764.04024529323     
   345169.61020321399     
   359257.61319780239     
   373037.39612926589     
   386518.19643566990     
   399709.14929651743     
   412619.29194739833     
   425257.56572145707     
   437632.81624626491     
   449753.79219479038     
   461629.14295127249     
   473267.41548798280     
   484677.05067385000     
   495866.37925957522     
   506843.61767937796     
   517616.86381242448     
   528194.09284953005     
   538583.15330880287     
   548791.76332362159     
   558827.50719200668     
   568697.83229331183     
   578410.04635074676     
   587971.31507358421     
   597388.66017431638     
   606668.95778406179     
   615818.93722800736     
   624845.18017327110     
   633754.12012735556     
   642552.04225662968     
   651245.08353650337     
   659839.23319254362     
   668340.33337831614     
   676754.08014347753     
   685086.02461570397     
   693341.57436917641     
   701525.99496690917     
   709644.41165765526     
   717701.81116626365     
   725703.04360190034     
   733652.82444083958     
   741555.73657656391     
   749416.23245466128     
   757238.63630236813     
   765027.14637451514     
   772785.83727523277     
   780518.66229064122     
   788229.45574819949     
   795921.93536815292     
   803599.70460673410     
   811266.25499440811     
   818924.96843496314     
   826579.11949640559     
   834231.87763215299     
   841886.30941444030     
   849545.38067912566     
   857211.95866853849     
   864888.81409484951     
   872578.62318403216     
   880283.96965747548     
   888007.34667091176     
   895751.15870739345     
   903517.72342869150     
   911309.27347020456     
   919127.95819066244     
   926975.84539702022     
   934854.92299650004     
   942767.10063510993     
   950714.21128334571     
   958698.01278835989     
   966720.18937841291     
   974782.35315782670     
   982886.04554985708     
   991032.73872170132     
   999223.83697526844     
   1007460.6781153550     
   1015744.5348014212     
   1024076.6158684068     
   1032458.0676347882     
   1040889.9751913256     
   1049373.3636817846     
   1057909.1995607081     
   1066498.3918475315     
   1075141.7933661235     
   1083840.2019846663     
   1092594.3618391484     
   1101404.9645557392     
   1110272.6504742405     
   1119198.0098660577     
   1128181.5841383224     
   1137223.8670605540     
   1146325.3059712884     
   1155486.3029905020     
   1164707.2162360204     
   1173988.3610446269     
   1183330.0111796870     
   1192732.4000569382     
   1202195.7219546053     
   1211720.1332420453     
   1221305.7536029071     
   1230952.6672491599     
   1240660.9241467367     
   1250430.5412367783     
   1260261.5036561152     
   1270153.7659544421     
   1280107.2533118187     
   1290121.8627503174     
   1300197.4643383480     
   1310333.9023956826     
   1320530.9966947981     
   1330788.5436370741     
   1341106.3174445978     
   1351484.0713239145     
