  -699897.41928318189     
  -699896.75515238638     
  -699892.94703775691     
  -699880.84121895372     
  -699852.51221953158     
  -699797.53474644083     
  -699703.44327552500     
  -699556.25759684900     
  -699341.01252490911     
  -699042.24541163654     
  -698644.41880845837     
  -698132.27106058202     
  -697491.09564395715     
  -696706.95446889626     
  -695766.83272768301     
  -694658.74357981631     
  -693371.79106836615     
  -691896.19904099568     
  -690223.31308315333     
  -688345.58158685127     
  -686256.52113281400     
  -683950.67053467606     
  -681423.53703459562     
  -678671.53745186480     
  -675691.93622531404     
  -672482.78130414989     
  -669042.83754101873     
  -665371.52263376187     
  -661468.85778344446     
  -657335.42184290232     
  -652972.30043149623     
  -648381.03626069624     
  -643563.58286333119     
  -638522.26180931367     
  -633259.72327788896     
  -627778.90981710050     
  -622083.02308909909     
  -616175.49341265205     
  -610059.95188252255     
  -603740.20487996994     
  -597220.21077114122     
  -590504.05860650644     
  -583595.94865342684     
  -576500.17458337906     
  -569221.10718270415     
  -561763.17943972349     
  -554130.87285633397     
  -546328.70492432383     
  -538361.21760687989     
  -530232.96675678645     
  -521948.51239408954     
  -513512.40975179028     
  -504929.20103054668     
  -496203.40779498807     
  -487339.52398175356     
  -478342.00942309282     
  -469215.28390530235     
  -459963.72166911402     
  -450591.64634727821     
  -441103.32629197446     
  -431502.97026726656     
  -421794.72348764027     
  -411982.66394360893     
  -402070.79902456101     
  -392063.06239949708     
  -381963.31112505164     
  -371775.32301610149     
  -361502.79430407670     
  -351149.33769039012     
  -340718.48099999549     
  -330213.66666083370     
  -319638.25208631560     
  -308995.51060642552     
  -298288.63215493649     
  -287520.72291410499     
  -276694.80389431416     
  -265813.80905981769     
  -254880.58374787704     
  -243897.88374616427     
  -232868.37497048170     
  -221794.63358251934     
  -210679.14635060952     
  -199524.31115513391     
  -188332.43761890015     
  -177105.74779401813     
  -165846.37693548674     
  -154556.37434545704     
  -143237.70427978784     
  -131892.24690304633     
  -120521.79931597679     
  -109128.07662265707     
  -97712.713049351834     
  -86277.263108863146     
  -74823.202806002868     
  -63351.930873256664     
  -51864.770047192222     
  -40362.968374318771     
  -28847.700540566824     
  -17320.069229845089     
  -5781.1065043876406     
   5768.2248022147514     
   17327.029668744053     
   28894.479452310075     
   40469.810452189966     
   52052.322452986125     
   63641.377262760783     
   75236.397241779996     
   86836.863830971284     
   98442.316062619939     
   110052.34909044221     
   121666.61268515191     
   133284.80976287639     
   144906.69488962632     
   156532.07280186762     
   168160.79691152231     
   179792.76783690229     
   191427.93191151813     
   203066.27972173374     
   214707.84463030536     
   226352.70131675160     
   238000.96431816940     
   249652.78658105529     
   261308.35801502821     
   272967.90406520071     
   284631.68428281002     
   296299.99090685096     
   307973.14746362565     
   319651.50737292512     
   331335.45255938341     
   343025.39208065433     
   354721.76077823463     
   366425.01792107942     
   378135.64587622945     
   389854.14879880456     
   401581.05132024706     
   413316.89727012545     
   425062.24840201088     
   436817.68314927095     
   448583.79537728720     
   460361.19318160653     
   472150.49767741689     
   483952.34183713573     
   495767.36932369100     
   507596.23336098978     
   519439.59561500099     
   531298.12510765449     
   543172.49714936153     
   555063.39228905644     
   566971.49529814604     
   578897.49417744041     
