  -699831.74715142988     
  -699448.06941425544     
  -698545.33807476540     
  -697003.12818825128     
  -694757.43813048757     
  -691782.85057173215     
  -688079.21548913908     
  -683665.44794534543     
  -678572.11788779753     
  -672836.76443244144     
  -666500.74623614084     
  -659607.04083014070     
  -652198.72801423783     
  -644317.96643064858     
  -636005.32502422144     
  -627299.36886398564     
  -618236.42609490058     
  -608850.48248747992     
  -599173.16439975507     
  -589233.78128164727     
  -579059.40609277494     
  -568674.97641404974     
  -558103.39960764197     
  -547365.63685760880     
  -536480.70430510852     
  -525465.46223162196     
  -514334.90668080334     
  -503104.81487969228     
  -491790.22423043044     
  -480403.81116764247     
  -468956.95812765625     
  -457460.06510088599     
  -445922.63875753287     
  -434353.36377793388     
  -422760.16708488564     
  -411150.27609924797     
  -399530.27174198843     
  -387906.13671461691     
  -376283.29956844467     
  -364666.67498714768     
  -353060.70062260149     
  -341469.37117721851     
  -329896.26945904741     
  -318344.59510502999     
  -306817.19132034102     
  -295316.56960951770     
  -283844.93281596550     
  -272404.19661124313     
  -260996.00960792997     
  -249621.77221888865     
  -238282.65437043292     
  -226979.61217435595     
  -215713.40362589614     
  -204484.60341656138     
  -193293.61689683647     
  -182140.69325620000     
  -171025.93796056672     
  -159949.32447415678     
  -148910.70531027036     
  -137909.82242376462     
  -126946.31698387906     
  -116019.73852745863     
  -105129.55352939620     
  -94275.153393616507     
  -83455.861888312298     
  -72670.942044408235     
  -61919.602561713567     
  -51201.003812005853     
  -40514.263581441475     
  -29858.462778056128     
  -19232.651373793873     
  -8635.8546130951927     
   1932.9209248485517     
   12474.682271594438     
   22990.446766461188     
   33481.240353488058     
   43948.096620106058     
   54392.055715344351     
   64814.162810083515     
   75215.466214064742     
   85597.015395055190     
   95959.859127714837     
   106305.04381547807     
   116633.61206043647     
   126946.60142295666     
   137245.04337794040     
   147529.96243968190     
   157802.37543092197     
   168063.29089427035     
   178313.70860302993     
   188554.61918488797     
   198787.00383262066     
   209011.83408870053     
   219230.07170890059     
   229442.66856448143     
   239650.56662482559     
   249854.69795207429     
   260055.98474890474     
   270255.33943104843     
   280453.66472491593     
   290651.85378122528     
   300850.79030317772     
   311051.34868372016     
   321254.39414861851     
   331460.78290133731     
   341671.36226208141     
   351886.97081519902     
   362108.43853363715     
   372336.58690957620     
   382572.22907122143     
   392816.16988247389     
   403069.20603422326     
   413332.12613308465     
   423605.71075190511     
   433890.73249446455     
   444187.95602304098     
   454498.13807978429     
   464822.02749898785     
   475160.36520188733     
   485513.88416561141     
   495883.30940050900     
   506269.35789362132     
   516672.73855507118     
   527094.15214661718     
   537534.29120074748     
   547993.83992813015     
   558473.47411596728     
   568973.86102489987     
   579495.65927281184     
   590039.51871209103     
   600606.08030834992     
   611195.97600969090     
   621809.82861015282     
   632448.25162663357     
   643111.84915143112     
   653801.21572808712     
   664516.93621304200     
   675259.58564275713     
   686029.72910812299     
   696827.92163069313     
   707654.70803710597     
   718510.62284661445     
   729396.19016335520     
   740311.92356861953     
   751258.32603096927     
   762235.88981817174     
   773245.09640877927     
   784286.41643901588     
   795360.30962346040     
   806467.22471686243     
