  0.82944052164735593     
  0.82957462332109155     
  0.82954884523035555     
  0.82938468575747126     
  0.82910023700876145     
  0.82871079177933127     
  0.82822936731139940     
  0.82766697768551356     
  0.82703300642311128     
  0.82633548556353476     
  0.82558131890874409     
  0.82477646731093479     
  0.82392610255633336     
  0.82303473520291659     
  0.82210632079101531     
  0.82114434808652859     
  0.82015191239478125     
  0.81913177647007096     
  0.81808642112083207     
  0.81701808725723823     
  0.81592881083344226     
  0.81482045189364527     
  0.81369471872710053     
  0.81255318797133980     
  0.81139732137003462     
  0.81022847980053858     
  0.80904793512318740     
  0.80785688005763101     
  0.80665643589097069     
  0.80544765885464809     
  0.80423154580319878     
  0.80300903909012622     
  0.80178103069717521     
  0.80054836574356836     
  0.79931184548648937     
  0.79807222990537019     
  0.79683023994656066     
  0.79558655949154922     
  0.79434183710076911     
  0.79309668757563534     
  0.79185169337369965     
  0.79060740590531220     
  0.78936434673472833     
  0.78812300870416230     
  0.78688385699557817     
  0.78564733014184995     
  0.78441384099642919     
  0.78318377766858527     
  0.78195750442956824     
  0.78073536259367993     
  0.77951767137716510     
  0.77830472873691880     
  0.77709681219037108     
  0.77589417961733886     
  0.77469707004428101     
  0.77350570441110489     
  0.77232028632041283     
  0.77114100276905162     
  0.76996802486163984     
  0.76880150850580931     
  0.76764159508883889     
  0.76648841213541974     
  0.76534207394632503     
  0.76420268221781817     
  0.76307032664171304     
  0.76194508548603601     
  0.76082702615637054     
  0.75971620573766341     
  0.75861267151840894     
  0.75751646149286944     
  0.75642760484758187     
  0.75534612242741839     
  0.75427202718315767     
  0.75320532460033329     
  0.75214601310978446     
  0.75109408448075698     
  0.75004952419766768     
  0.74901231182158245     
  0.74798242133721204     
  0.74695982148596696     
  0.74594447608543502     
  0.74493634433562528     
  0.74393538111230495     
  0.74294153724782552     
  0.74195475979986913     
  0.74097499230854935     
  0.74000217504234300     
  0.73903624523330314     
  0.73807713730202895     
  0.73712478307282958     
  0.73617911197952746     
  0.73524005126231651     
  0.73430752615608430     
  0.73338146007058613     
  0.73246177476283625     
  0.73154839050207499     
  0.73064122622763705     
  0.72974019970003989     
  0.72884522764559945     
  0.72795622589483533     
  0.72707310951495796     
  0.72619579293666325     
  0.72532419007548654     
  0.72445821444793013     
  0.72359777928257030     
  0.72274279762634752     
  0.72189318244621192     
  0.72104884672629521     
  0.72020970356077607     
  0.71937566624258542     
  0.71854664834807702     
  0.71772256381782673     
  0.71690332703363735     
  0.71608885289190427     
  0.71527905687342430     
  0.71447385510975447     
  0.71367316444621465     
  0.71287690250162616     
  0.71208498772485840     
  0.71129733944827911     
  0.71051387793816068     
  0.70973452444213858     
  0.70895920123376721     
  0.70818783165424803     
  0.70742034015139887     
  0.70665665231590735     
  0.70589669491494222     
  0.70514039592317357     
  0.70438768455126333     
  0.70363849127186573     
  0.70289274784321332     
  0.70215038733032642     
  0.70141134412391348     
  0.70067555395700054     
  0.69994295391935835     
  0.69921348246977399     
  0.69848707944622501     
  0.69776368607400929     
  0.69704324497188874     
  0.69632570015630302     
  0.69561099704370821     
  0.69489908245110277     
  0.69418990459479546     
  0.69348341308747730     
  0.69277955893366050     
  0.69207829452353453     
  0.69137957362531455     
  0.69068335137613235     
  0.68998958427154167     
  0.68929823015369429     
