  0.82922187292076033     
  0.82948575884679054     
  0.82987648958302418     
  0.83036466674772758     
  0.83092667810277598     
  0.83154370154764667     
  0.83220036017641774     
  0.83288416945142574     
  0.83358520215383747     
  0.83429547310595220     
  0.83500856944134261     
  0.83571935272492370     
  0.83642371825415329     
  0.83711840023222095     
  0.83780081389906613     
  0.83846892752700286     
  0.83912115859880898     
  0.83975628959359438     
  0.84037339968333946     
  0.84097180934415339     
  0.84155103545117083     
  0.84211075488508746     
  0.84265077505748320     
  0.84317101008936601     
  0.84367146170591745     
  0.84415220436928973     
  0.84461337439069040     
  0.84505515793031449     
  0.84547777478522912     
  0.84588147327787722     
  0.84626652836090055     
  0.84663323735322416     
  0.84698191590297267     
  0.84731289459977599     
  0.84762651613541928     
  0.84792313290968935     
  0.84820310499728013     
  0.84846679840813466     
  0.84871458358715413     
  0.84894683411027649     
  0.84916392554274978     
  0.84936623443260828     
  0.84955413741711550     
  0.84972801042642288     
  0.84988822797031027     
  0.85003516249694189     
  0.85016918381530415     
  0.85029065857435548     
  0.85039994979325140     
  0.85049741643797050     
  0.85058341304047203     
  0.85065828935706977     
  0.85072239006317807     
  0.85077605448191307     
  0.85081961634429271     
  0.85085340357898975     
  0.85087773812973055     
  0.85089293579857683     
  0.85089930611339593     
  0.85089715221795548     
  0.85088677078310648     
  0.85086845193763061     
  0.85084247921736245     
  0.85080912953128374     
  0.85076867314336468     
  0.85072137366895095     
  0.85066748808462234     
  0.85060726675050891     
  0.85054095344358616     
  0.85046878540193704     
  0.85039099337702617     
  0.85030780169340159     
  0.85021942831289865     
  0.85012608490077612     
  0.85002797689200060     
  0.84992530355841167     
  0.84981825808028610     
  0.84970702762651329     
  0.84959179344529356     
  0.84947273096374831     
  0.84935000989299370     
  0.84922379433538042     
  0.84909424289185509     
  0.84896150876863585     
  0.84882573988307930     
  0.84868707896883633     
  0.84854566368046680     
  0.84840162669756936     
  0.84825509582847081     
  0.84810619411341936     
  0.84795503992726229     
  0.84780174708149603     
  0.84764642492564302     
  0.84748917844786187     
  0.84733010837471856     
  0.84716931127006057     
  0.84700687963293120     
  0.84684290199447576     
  0.84667746301380464     
  0.84651064357278161     
  0.84634252086970674     
  0.84617316851189250     
  0.84600265660710405     
  0.84583105185387564     
  0.84565841763070182     
  0.84548481408409715     
  0.84531029821554327     
  0.84513492396733125     
  0.84495874230730739     
  0.84478180131255232     
  0.84460414625198788     
  0.84442581966794361     
  0.84424686145669992     
  0.84406730894801929     
  0.84388719698368297     
  0.84370655799505545     
  0.84352542207968761     
  0.84334381707697292     
  0.84316176864287473     
  0.84297930032373047     
  0.84279643362915091     
  0.84261318810400909     
  0.84242958139955215     
  0.84224562934360581     
  0.84206134600990901     
  0.84187674378655664     
  0.84169183344356158     
  0.84150662419953615     
  0.84132112378746593     
  0.84113533851961186     
  0.84094927335148451     
  0.84076293194492291     
  0.84057631673023825     
  0.84038942896742053     
  0.84020226880639748     
  0.84001483534632226     
  0.83982712669388215     
  0.83963914002059259     
  0.83945087161908594     
  0.83926231695835152     
  0.83907347073791427     
  0.83888432694093229     
  0.83869487888619854     
  0.83850511927899973     
  0.83831504026085113     
  0.83812463345804500     
  0.83793389002902219     
  0.83774280071052676     
  0.83755135586253149     
  0.83735954551191827     
