  0.82912448276826467     
  0.82914195626545517     
  0.82918315153101829     
  0.82925368960951984     
  0.82935664940966347     
  0.82949335325572859     
  0.82966395399086923     
  0.82986770428773315     
  0.83010328766392627     
  0.83036902998258555     
  0.83066304406597236     
  0.83098333305285799     
  0.83132786370013334     
  0.83169461770701192     
  0.83208162694158927     
  0.83248699687865502     
  0.83290892142453588     
  0.83334569148051607     
  0.83379569899195605     
  0.83425743778436656     
  0.83472950215763830     
  0.83521058396748171     
  0.83569946875641510     
  0.83619503142419971     
  0.83669623205998611     
  0.83720211277934076     
  0.83771178869901253     
  0.83822442001530340     
  0.83873923279775631     
  0.83925553138982145     
  0.83977267919028398     
  0.84029009160257628     
  0.84080723237147348     
  0.84132361031731340     
  0.84183877630627435     
  0.84235232043442121     
  0.84286386940910696     
  0.84337308411267187     
  0.84387965733396808     
  0.84438331165388658     
  0.84488379747229547     
  0.84538089116152260     
  0.84587439334048353     
  0.84636412725566190     
  0.84684993725843138     
  0.84733168737388220     
  0.84780925995271184     
  0.84828255439993772     
  0.84875148597494288     
  0.84921598465808279     
  0.84967599407966943     
  0.85013147050770299     
  0.85058238189112234     
  0.85102870695576993     
  0.85147043435054726     
  0.85190756184150007     
  0.85234009555181112     
  0.85276804924580063     
  0.85319144365524202     
  0.85361030584636821     
  0.85402466862607529     
  0.85443456998591227     
  0.85484005258251639     
  0.85524116325316335     
  0.85563795256507380     
  0.85603047439684354     
  0.85641878554971562     
  0.85680294538511714     
  0.85718301548253717     
  0.85755905930937837     
  0.85793114189396635     
  0.85829932949962284     
  0.85866368931424797     
  0.85902428918474960     
  0.85938119741925278     
  0.85973448265074048     
  0.86008421373099886     
  0.86043045962524478     
  0.86077328929622454     
  0.86111277158187938     
  0.86144897507525542     
  0.86178196801299756     
  0.86211181817514204     
  0.86243859279653756     
  0.86276235848912908     
  0.86308318117410976     
  0.86340112602292418     
  0.86371625740619373     
  0.86402863884976300     
  0.86433833299710960     
  0.86464540157747261     
  0.86494990537910799     
  0.86525190422714071     
  0.86555145696552105     
  0.86584862144265762     
  0.86614345450032315     
  0.86643601196547182     
  0.86672634864464049     
  0.86701451832063148     
  0.86730057375120828     
  0.86758456666955786     
  0.86786654778628913     
  0.86814656679278113     
  0.86842467236568754     
  0.86870091217244150     
  0.86897533287761586     
  0.86924798015000693     
  0.86951889867033683     
  0.86978813213945760     
  0.87005572328699465     
  0.87032171388032076     
  0.87058614473382645     
  0.87084905571841353     
  0.87111048577116112     
  0.87137047290513581     
  0.87162905421930570     
  0.87188626590853457     
  0.87214214327363271     
  0.87239672073145413     
  0.87265003182501710     
  0.87290210923365430     
  0.87315298478318248     
  0.87340268945608546     
  0.87365125340171434     
  0.87389870594651353     
  0.87414507560427313     
  0.87439039008640496     
  0.87463467631226766     
  0.87487796041953825     
  0.87512026777461660     
  0.87536162298311659     
  0.87560204990039969     
  0.87584157164221221     
  0.87608021059541719     
  0.87631798842879138     
  0.87655492610393393     
  0.87679104388627893     
  0.87702636135621070     
  0.87726089742030566     
  0.87749467032267880     
  0.87772769765645819     
  0.87795999637537259     
  0.87819158280546539     
  0.87842247265692175     
  0.87865268103602112     
  0.87888222245719527     
  0.87911111085520099     
  0.87933935959739928     
  0.87956698149612833     
  0.87979398882117654     
