  0.82912156218757804     
  0.82912235135767776     
  0.82912523198327914     
  0.82913190362260680     
  0.82914412729474241     
  0.82916356791516066     
  0.82919171328663122     
  0.82922983458317112     
  0.82927897373800352     
  0.82933995140230332     
  0.82941338453412827     
  0.82949970851563137     
  0.82959920067845661     
  0.82971200335121131     
  0.82983814535799305     
  0.82997756142820367     
  0.83013010931662068     
  0.83029558464091435     
  0.83047373356472176     
  0.83066426351823097     
  0.83086685217659417     
  0.83108115492456569     
  0.83130681103647308     
  0.83154344881111752     
  0.83179068996473216     
  0.83204815382268793     
  0.83231546189254701     
  0.83259223846633401     
  0.83287810465495415     
  0.83317268145616863     
  0.83347559456066800     
  0.83378647563119790     
  0.83410496282540925     
  0.83443070117101736     
  0.83476334284953890     
  0.83510254741174339     
  0.83544798194137182     
  0.83579932117946143     
  0.83615624761849250     
  0.83651845157318117     
  0.83688563123288007     
  0.83725749269918992     
  0.83763375001037621     
  0.83801412515542939     
  0.83839834807803448     
  0.83878615667064993     
  0.83917729675912034     
  0.83957152207780716     
  0.83996859423512737     
  0.84036828266936903     
  0.84077036459466592     
  0.84117462493709505     
  0.84158085626090540     
  0.84198885868501805     
  0.84239843978999485     
  0.84280941451581193     
  0.84322160505081289     
  0.84363484071234363     
  0.84404895781960310     
  0.84446379955930606     
  0.84487921584479631     
  0.84529506316923941     
  0.84571120445355064     
  0.84612750888964972     
  0.84654385177957259     
  0.84696011437084917     
  0.84737618368831569     
  0.84779195236219329     
  0.84820731845172703     
  0.84862218526313005     
  0.84903646116075759     
  0.84945005937348816     
  0.84986289780779456     
  0.85027489889458296     
  0.85068598950317020     
  0.85109610092493471     
  0.85150516886788963     
  0.85191313337870922     
  0.85231993866235145     
  0.85272553284226094     
  0.85312986772360866     
  0.85353289859345827     
  0.85393458405928768     
  0.85433488591323237     
  0.85473376900998876     
  0.85513120115138441     
  0.85552715297466941     
  0.85592159784360722     
  0.85631451174216167     
  0.85670587317079783     
  0.85709566304545015     
  0.85748386459919501     
  0.85787046328664018     
  0.85825544669103304     
  0.85863880443403884     
  0.85902052808817264     
  0.85940061109179378     
  0.85977904866663091     
  0.86015583773773963     
  0.86053097685583169     
  0.86090446612188931     
  0.86127630711397707     
  0.86164650281619970     
  0.86201505754969032     
  0.86238197690558704     
  0.86274726767989796     
  0.86311093781020520     
  0.86347299631412611     
  0.86383345322947469     
  0.86419231955606124     
  0.86454960719907570     
  0.86490532891399918     
  0.86525949825299819     
  0.86561212951275301     
  0.86596323768367445     
  0.86631283840048279     
  0.86666094789410331     
  0.86700758294484015     
  0.86735276083682322     
  0.86769649931367121     
  0.86803881653536719     
  0.86837973103631949     
  0.86871926168458902     
  0.86905742764225902     
  0.86939424832694800     
  0.86972974337443243     
  0.87006393260238513     
  0.87039683597520723     
  0.87072847356994199     
  0.87105886554328249     
  0.87138803209963778     
  0.87171599346029016     
  0.87204276983352580     
  0.87236838138597439     
  0.87269284821493431     
  0.87301619032155664     
  0.87333842758540059     
  0.87365957973982700     
  0.87397966634843738     
  0.87429870678256749     
  0.87461672019979764     
  0.87493372552349102     
  0.87524974142334033     
  0.87556478629692203     
  0.87587887825225064     
  0.87619203509133348     
  0.87650427429470090     
  0.87681561300692989     
  0.87712606802312598     
  0.87743565577636418     
