  0.82912149655233836     
  0.82912152679242057     
  0.82912169804671010     
  0.82912224153076897     
  0.82912351283519070     
  0.82912597976501679     
  0.82913020177425500     
  0.82913680644050147     
  0.82914646573506490     
  0.82915987415118930     
  0.82917772969637249     
  0.82920071806480100     
  0.82922949995552009     
  0.82926470130556429     
  0.82930690610950974     
  0.82935665146141135     
  0.82941442445716773     
  0.82948066061895165     
  0.82955574353782080     
  0.82964000546945049     
  0.82973372865705664     
  0.82983714719279356     
  0.82995044926337480     
  0.83007377965799600     
  0.83020724245045407     
  0.83035090381442278     
  0.83050479498392926     
  0.83066891513101260     
  0.83084323361120149     
  0.83102769207969673     
  0.83122220686038728     
  0.83142667128293513     
  0.83164095788598680     
  0.83186492048016536     
  0.83209839607413238     
  0.83234120666898359     
  0.83259316092728874     
  0.83285405572369575     
  0.83312367758430994     
  0.83340180402209729     
  0.83368820477542216     
  0.83398264295658842     
  0.83428487611687629     
  0.83459465723421822     
  0.83491173562924548     
  0.83523585781495491     
  0.83556676828480980     
  0.83590421024369221     
  0.83624792628572464     
  0.83659765902256888     
  0.83695315166550333     
  0.83731414856424036     
  0.83768039570516772     
  0.83805164117144249     
  0.83842763556715338     
  0.83880813240757435     
  0.83919288847736528     
  0.83958166415847013     
  0.83997422372930797     
  0.84037033563684682     
  0.84076977274301412     
  0.84117231254693625     
  0.84157773738441499     
  0.84198583460604448     
  0.84239639673520939     
  0.84280922160691474     
  0.84322411248763096     
  0.84364087817477740     
  0.84405933307190151     
  0.84447929723232329     
  0.84490059636289894     
  0.84532306178596262     
  0.84574653037473224     
  0.84617084449529045     
  0.84659585198523735     
  0.84702140617049215     
  0.84744736589403724     
  0.84787359552746722     
  0.84829996495222315     
  0.84872634951286252     
  0.84915262995066831     
  0.84957869232497352     
  0.85000442792663533     
  0.85042973318586346     
  0.85085450957551312     
  0.85127866351049353     
  0.85170210624378528     
  0.85212475375950880     
  0.85254652666345832     
  0.85296735007147229     
  0.85338715349603000     
  0.85380587073140879     
  0.85422343973775428     
  0.85463980252434457     
  0.85505490503237935     
  0.85546869701753936     
  0.85588113193258097     
  0.85629216681020015     
  0.85670176214638372     
  0.85710988178443448     
  0.85751649279986109     
  0.85792156538629105     
  0.85832507274255265     
  0.85872699096105432     
  0.85912729891758677     
  0.85952597816264098     
  0.85992301281434425     
  0.86031838945307826     
  0.86071209701787177     
  0.86110412670459779     
  0.86149447186604555     
  0.86188312791390753     
  0.86227009222270290     
  0.86265536403567789     
  0.86303894437269713     
  0.86342083594014185     
  0.86380104304282634     
  0.86417957149793734     
  0.86455642855101122     
  0.86493162279391822     
  0.86530516408488778     
  0.86567706347053397     
  0.86604733310989068     
  0.86641598620045035     
  0.86678303690617664     
  0.86714850028748558     
  0.86751239223319354     
  0.86787472939438626     
  0.86823552912023993     
  0.86859480939569989     
  0.86895258878109860     
  0.86930888635359116     
  0.86966372165049277     
  0.87001711461443343     
  0.87036908554033487     
  0.87071965502417337     
  0.87106884391352968     
  0.87141667325990557     
  0.87176316427277034     
  0.87210833827535039     
  0.87245221666211525     
  0.87279482085795679     
  0.87313617227904239     
  0.87347629229531476     
  0.87381520219463349     
  0.87415292314852466     
  0.87448947617953443     
  0.87482488213015819     
  0.87515916163332208     
  0.87549233508441082     
