   2.3906869703002796E-004
   2.3906887336200438E-004
   2.3906905768232892E-004
   2.3906924956751142E-004
   2.3906944869607743E-004
   2.3906965483032244E-004
   2.3906986779850960E-004
   2.3907008748558209E-004
   2.3907031382104830E-004
   2.3907054677009188E-004
   2.3907078632658907E-004
   2.3907103250738656E-004
   2.3907128534758032E-004
   2.3907154489660279E-004
   2.3907181121496512E-004
   2.3907208437153635E-004
   2.3907236444125948E-004
   2.3907265150323860E-004
   2.3907294563913303E-004
   2.3907324693177060E-004
   2.3907355546405604E-004
   2.3907387131798022E-004
   2.3907419457382928E-004
   2.3907452530951982E-004
   2.3907486360005023E-004
   2.3907520951705233E-004
   2.3907556312842781E-004
   2.3907592449806526E-004
   2.3907629368564575E-004
   2.3907667074650823E-004
   2.3907705573155682E-004
   2.3907744868721255E-004
   2.3907784965540910E-004
   2.3907825867362304E-004
   2.3907867577493757E-004
   2.3907910098813369E-004
   2.3907953433780578E-004
   2.3907997584449606E-004
   2.3908042552484628E-004
   2.3908088339176278E-004
   2.3908134945459033E-004
   2.3908182371929675E-004
   2.3908230618866134E-004
   2.3908279686246441E-004
   2.3908329573768053E-004
   2.3908380280867258E-004
   2.3908431806737970E-004
   2.3908484150350531E-004
   2.3908537310469744E-004
   2.3908591285672916E-004
   2.3908646074366613E-004
   2.3908701674803153E-004
   2.3908758085096162E-004
   2.3908815303235376E-004
   2.3908873327100876E-004
   2.3908932154475954E-004
   2.3908991783059771E-004
   2.3909052210478721E-004
   2.3909113434297140E-004
   2.3909175452027078E-004
   2.3909238261137530E-004
   2.3909301859062514E-004
   2.3909366243208668E-004
   2.3909431410962015E-004
   2.3909497359693950E-004
   2.3909564086766697E-004
   2.3909631589537917E-004
   2.3909699865365007E-004
   2.3909768911608501E-004
   2.3909838725635110E-004
   2.3909909304820165E-004
   2.3909980646549705E-004
   2.3910052748221929E-004
   2.3910125607248391E-004
   2.3910199221054672E-004
   2.3910273587080680E-004
   2.3910348702780928E-004
   2.3910424565623984E-004
   2.3910501173092128E-004
   2.3910578522680310E-004
   2.3910656611895472E-004
   2.3910735438254958E-004
   2.3910814999285394E-004
   2.3910895292520993E-004
   2.3910976315501842E-004
   2.3911058065772221E-004
   2.3911140540878569E-004
   2.3911223738367626E-004
   2.3911307655784237E-004
   2.3911392290669361E-004
   2.3911477640557949E-004
   2.3911563702976689E-004
   2.3911650475441981E-004
   2.3911737955457747E-004
   2.3911826140513289E-004
   2.3911915028081312E-004
   2.3912004615615675E-004
   2.3912094900549577E-004
   2.3912185880293492E-004
   2.3912277552233459E-004
   2.3912369913729135E-004
   2.3912462962112136E-004
   2.3912556694684515E-004
   2.3912651108717070E-004
   2.3912746201448120E-004
   2.3912841970081999E-004
   2.3912938411788020E-004
   2.3913035523699265E-004
   2.3913133302911661E-004
   2.3913231746483133E-004
   2.3913330851432871E-004
   2.3913430614740691E-004
   2.3913531033346535E-004
   2.3913632104150123E-004
   2.3913733824010750E-004
   2.3913836189747045E-004
   2.3913939198137125E-004
   2.3914042845918587E-004
   2.3914147129788820E-004
   2.3914252046405336E-004
   2.3914357592386246E-004
   2.3914463764310840E-004
   2.3914570558720229E-004
   2.3914677972118183E-004
   2.3914786000972114E-004
   2.3914894641713876E-004
   2.3915003890741045E-004
   2.3915113744417922E-004
   2.3915224199076953E-004
   2.3915335251019893E-004
   2.3915446896519431E-004
   2.3915559131820559E-004
   2.3915671953142015E-004
   2.3915785356678105E-004
   2.3915899338600223E-004
   2.3916013895058564E-004
   2.3916129022184029E-004
   2.3916244716089800E-004
   2.3916360972873327E-004
   2.3916477788618113E-004
   2.3916595159395650E-004
   2.3916713081267225E-004
   2.3916831550285878E-004
   2.3916950562498398E-004
   2.3917070113947078E-004
   2.3917190200671803E-004
   2.3917310818711768E-004
   2.3917431964107629E-004
   2.3917553632903110E-004
   2.3917675821147086E-004
