   2.3906845892397781E-004
   2.3906845207879499E-004
   2.3906844567312579E-004
   2.3906844472244501E-004
   2.3906845386366052E-004
   2.3906845256487899E-004
   2.3906843341578999E-004
   2.3906841344668235E-004
   2.3906839309635586E-004
   2.3906837266303758E-004
   2.3906835236549054E-004
   2.3906833236758468E-004
   2.3906831279278659E-004
   2.3906829373378493E-004
   2.3906827525936104E-004
   2.3906825741950839E-004
   2.3906824024935000E-004
   2.3906822377218277E-004
   2.3906820800186879E-004
   2.3906819294472329E-004
   2.3906817860101380E-004
   2.3906816496615437E-004
   2.3906815203165787E-004
   2.3906813978589526E-004
   2.3906812821469751E-004
   2.3906811730181650E-004
   2.3906810702927040E-004
   2.3906809737778161E-004
   2.3906808832722582E-004
   2.3906807985673588E-004
   2.3906807194480406E-004
   2.3906806456942774E-004
   2.3906805770824099E-004
   2.3906805133862318E-004
   2.3906804543779409E-004
   2.3906803998289565E-004
   2.3906803495106184E-004
   2.3906803031948192E-004
   2.3906802606545467E-004
   2.3906802216643841E-004
   2.3906801860009444E-004
   2.3906801534432609E-004
   2.3906801237731542E-004
   2.3906800967755509E-004
   2.3906800722387826E-004
   2.3906800499548346E-004
   2.3906800297195945E-004
   2.3906800113330577E-004
   2.3906799945995212E-004
   2.3906799793277464E-004
   2.3906799653311103E-004
   2.3906799524277242E-004
   2.3906799404405405E-004
   2.3906799291974442E-004
   2.3906799185313229E-004
   2.3906799082801182E-004
   2.3906798982868709E-004
   2.3906798883997288E-004
   2.3906798784719801E-004
   2.3906798683620223E-004
   2.3906798579333705E-004
   2.3906798470546146E-004
   2.3906798355993923E-004
   2.3906798234463286E-004
   2.3906798104789720E-004
   2.3906797965857627E-004
   2.3906797816599201E-004
   2.3906797655993782E-004
   2.3906797483067024E-004
   2.3906797296889974E-004
   2.3906797096577925E-004
   2.3906796881289634E-004
   2.3906796650226272E-004
   2.3906796402630305E-004
   2.3906796137784499E-004
   2.3906795855010784E-004
   2.3906795553669155E-004
   2.3906795233156455E-004
   2.3906794892905313E-004
   2.3906794532382761E-004
   2.3906794151089188E-004
   2.3906793748557203E-004
   2.3906793324350332E-004
   2.3906792878062002E-004
   2.3906792409314378E-004
   2.3906791917757225E-004
   2.3906791403066762E-004
   2.3906790864944747E-004
   2.3906790303117266E-004
   2.3906789717333788E-004
   2.3906789107366091E-004
   2.3906788473007426E-004
   2.3906787814071410E-004
   2.3906787130391189E-004
   2.3906786421818574E-004
   2.3906785688223054E-004
   2.3906784929491232E-004
   2.3906784145525691E-004
   2.3906783336244560E-004
   2.3906782501580514E-004
   2.3906781641480293E-004
   2.3906780755903893E-004
   2.3906779844824064E-004
   2.3906778908225655E-004
   2.3906777946105059E-004
   2.3906776958469706E-004
   2.3906775945337590E-004
   2.3906774906736752E-004
   2.3906773842704936E-004
   2.3906772753289163E-004
   2.3906771638545368E-004
   2.3906770498538095E-004
   2.3906769333340185E-004
   2.3906768143032534E-004
   2.3906766927703839E-004
   2.3906765687450442E-004
   2.3906764422376001E-004
   2.3906763132591584E-004
   2.3906761818215280E-004
   2.3906760479372365E-004
   2.3906759116194997E-004
   2.3906757728822287E-004
   2.3906756317400272E-004
   2.3906754882081909E-004
   2.3906753423027060E-004
   2.3906751940402528E-004
   2.3906750434382143E-004
   2.3906748905146814E-004
   2.3906747352884673E-004
   2.3906745777791121E-004
   2.3906744180068933E-004
   2.3906742559928493E-004
   2.3906740917587881E-004
   2.3906739253272966E-004
   2.3906737567217800E-004
   2.3906735859664566E-004
   2.3906734130863875E-004
   2.3906732381074968E-004
   2.3906730610565957E-004
   2.3906728819613978E-004
   2.3906727008505415E-004
   2.3906725177536212E-004
   2.3906723327012070E-004
   2.3906721457248574E-004
   2.3906719568571582E-004
   2.3906717661317412E-004
   2.3906715735833034E-004
   2.3906713792476382E-004
   2.3906711831616557E-004
   2.3906709853634104E-004
