   2.3906846192542892E-004
   2.3906846139923229E-004
   2.3906846013615693E-004
   2.3906845796872658E-004
   2.3906845481371810E-004
   2.3906845064702707E-004
   2.3906844547925347E-004
   2.3906843935575094E-004
   2.3906843234555142E-004
   2.3906842453465479E-004
   2.3906841602209749E-004
   2.3906840691721688E-004
   2.3906839733771055E-004
   2.3906838740820024E-004
   2.3906837725906190E-004
   2.3906836702531153E-004
   2.3906835684534472E-004
   2.3906834685925738E-004
   2.3906833720636775E-004
   2.3906832802122514E-004
   2.3906831942668326E-004
   2.3906831152079516E-004
   2.3906830434930354E-004
   2.3906829784020014E-004
   2.3906829162611065E-004
   2.3906828455937164E-004
   2.3906827449316406E-004
   2.3906826175147466E-004
   2.3906824837619453E-004
   2.3906823485304163E-004
   2.3906822125568057E-004
   2.3906820762437315E-004
   2.3906819398957481E-004
   2.3906818037543483E-004
   2.3906816680159700E-004
   2.3906815328429888E-004
   2.3906813983710448E-004
   2.3906812647141228E-004
   2.3906811319683073E-004
   2.3906810002146143E-004
   2.3906808695206216E-004
   2.3906807399430926E-004
   2.3906806115307633E-004
   2.3906804843222863E-004
   2.3906803583488800E-004
   2.3906802336351338E-004
   2.3906801101997369E-004
   2.3906799880560973E-004
   2.3906798672129027E-004
   2.3906797476745887E-004
   2.3906796294418008E-004
   2.3906795125117709E-004
   2.3906793968786716E-004
   2.3906792825339462E-004
   2.3906791694665940E-004
   2.3906790576634377E-004
   2.3906789471093661E-004
   2.3906788377875562E-004
   2.3906787296796761E-004
   2.3906786227660681E-004
   2.3906785170259314E-004
   2.3906784124374625E-004
   2.3906783089780131E-004
   2.3906782066242065E-004
   2.3906781053520764E-004
   2.3906780051371489E-004
   2.3906779059545700E-004
   2.3906778077791856E-004
   2.3906777105856078E-004
   2.3906776143483305E-004
   2.3906775190417825E-004
   2.3906774246404080E-004
   2.3906773311187590E-004
   2.3906772384515307E-004
   2.3906771466136322E-004
   2.3906770555801903E-004
   2.3906769653265727E-004
   2.3906768758284139E-004
   2.3906767870616211E-004
   2.3906766990024075E-004
   2.3906766116273077E-004
   2.3906765249132018E-004
   2.3906764388373315E-004
   2.3906763533773089E-004
   2.3906762685111340E-004
   2.3906761842171976E-004
   2.3906761004742957E-004
   2.3906760172616193E-004
   2.3906759345587787E-004
   2.3906758523457806E-004
   2.3906757706030436E-004
   2.3906756893113948E-004
   2.3906756084520557E-004
   2.3906755280066614E-004
   2.3906754479572278E-004
   2.3906753682861699E-004
   2.3906752889762858E-004
   2.3906752100107519E-004
   2.3906751313731173E-004
   2.3906750530473000E-004
   2.3906749750175692E-004
   2.3906748972685470E-004
   2.3906748197852036E-004
   2.3906747425528390E-004
   2.3906746655570871E-004
   2.3906745887838994E-004
   2.3906745122195353E-004
   2.3906744358505661E-004
   2.3906743596638575E-004
   2.3906742836465625E-004
   2.3906742077861210E-004
   2.3906741320702410E-004
   2.3906740564869070E-004
   2.3906739810243522E-004
   2.3906739056710677E-004
   2.3906738304157969E-004
   2.3906737552475193E-004
   2.3906736801554488E-004
   2.3906736051290193E-004
   2.3906735301578965E-004
   2.3906734552319603E-004
   2.3906733803412953E-004
   2.3906733054761912E-004
   2.3906732306271436E-004
   2.3906731557848352E-004
   2.3906730809401385E-004
   2.3906730060841154E-004
   2.3906729312080051E-004
   2.3906728563032211E-004
   2.3906727813613528E-004
   2.3906727063741534E-004
   2.3906726313335412E-004
   2.3906725562315937E-004
   2.3906724810605494E-004
   2.3906724058127949E-004
   2.3906723304808686E-004
   2.3906722550574554E-004
   2.3906721795353852E-004
   2.3906721039076257E-004
   2.3906720281672908E-004
   2.3906719523076239E-004
   2.3906718763220015E-004
   2.3906718002039356E-004
   2.3906717239470656E-004
   2.3906716475451532E-004
   2.3906715709920916E-004
   2.3906714942818931E-004
   2.3906714174086927E-004
   2.3906713403667443E-004
   2.3906712631504163E-004
