   2.3906846188750350E-004
   2.3906846186317834E-004
   2.3906846177090954E-004
   2.3906846155543788E-004
   2.3906846115949627E-004
   2.3906846052900365E-004
   2.3906845961589975E-004
   2.3906845837945489E-004
   2.3906845678661897E-004
   2.3906845481179022E-004
   2.3906845243621620E-004
   2.3906844964722025E-004
   2.3906844643750409E-004
   2.3906844280438246E-004
   2.3906843874904566E-004
   2.3906843427588380E-004
   2.3906842939189061E-004
   2.3906842410614234E-004
   2.3906841842935141E-004
   2.3906841237348580E-004
   2.3906840595145233E-004
   2.3906839917683232E-004
   2.3906839206366541E-004
   2.3906838462627394E-004
   2.3906837687912022E-004
   2.3906836883669458E-004
   2.3906836051342672E-004
   2.3906835192361695E-004
   2.3906834308138380E-004
   2.3906833400062603E-004
   2.3906832469499357E-004
   2.3906831517786695E-004
   2.3906830546234470E-004
   2.3906829556123485E-004
   2.3906828548704668E-004
   2.3906827525198673E-004
   2.3906826486794609E-004
   2.3906825434647061E-004
   2.3906824369862375E-004
   2.3906823293399167E-004
   2.3906822205936438E-004
   2.3906821108360504E-004
   2.3906820001628478E-004
   2.3906818886667737E-004
   2.3906817764376211E-004
   2.3906816635623876E-004
   2.3906815501253801E-004
   2.3906814362083164E-004
   2.3906813218904207E-004
   2.3906812072485071E-004
   2.3906810923570647E-004
   2.3906809772883248E-004
   2.3906808621123419E-004
   2.3906807468970496E-004
   2.3906806317083331E-004
   2.3906805166100926E-004
   2.3906804016642893E-004
   2.3906802869310171E-004
   2.3906801724685476E-004
   2.3906800583333782E-004
   2.3906799445802825E-004
   2.3906798312623627E-004
   2.3906797184310749E-004
   2.3906796061362836E-004
   2.3906794944262918E-004
   2.3906793833478607E-004
   2.3906792729462621E-004
   2.3906791632652701E-004
   2.3906790543472042E-004
   2.3906789462329367E-004
   2.3906788389618894E-004
   2.3906787325720484E-004
   2.3906786270999473E-004
   2.3906785225806523E-004
   2.3906784190477398E-004
   2.3906783165332605E-004
   2.3906782150676662E-004
   2.3906781146797556E-004
   2.3906780153965608E-004
   2.3906779172432345E-004
   2.3906778202428648E-004
   2.3906777244162589E-004
   2.3906776297816587E-004
   2.3906775363543594E-004
   2.3906774441461817E-004
   2.3906773531647904E-004
   2.3906772634127430E-004
   2.3906771748861556E-004
   2.3906770875728136E-004
   2.3906770014494173E-004
   2.3906769164774497E-004
   2.3906768325968601E-004
   2.3906767497159734E-004
   2.3906766676949417E-004
   2.3906765863174358E-004
   2.3906765052407469E-004
   2.3906764239066422E-004
   2.3906763413918694E-004
   2.3906762562401910E-004
   2.3906761666891022E-004
   2.3906760721406455E-004
   2.3906759743356942E-004
   2.3906758754605004E-004
   2.3906757766068047E-004
   2.3906756781185256E-004
   2.3906755800806156E-004
   2.3906754825105031E-004
   2.3906753854104648E-004
   2.3906752887794730E-004
   2.3906751926155607E-004
   2.3906750969162344E-004
   2.3906750016785782E-004
   2.3906749068993081E-004
   2.3906748125747951E-004
   2.3906747187011143E-004
   2.3906746252740562E-004
   2.3906745322891683E-004
   2.3906744397417701E-004
   2.3906743476269818E-004
   2.3906742559397397E-004
   2.3906741646748155E-004
   2.3906740738268394E-004
   2.3906739833903123E-004
   2.3906738933596281E-004
   2.3906738037290744E-004
   2.3906737144928581E-004
   2.3906736256451230E-004
   2.3906735371799501E-004
   2.3906734490913731E-004
   2.3906733613732588E-004
   2.3906732740184850E-004
   2.3906731870223811E-004
   2.3906731003789323E-004
   2.3906730140820857E-004
   2.3906729281257966E-004
   2.3906728425040480E-004
   2.3906727572108499E-004
   2.3906726722402563E-004
   2.3906725875863573E-004
   2.3906725032433031E-004
   2.3906724192052976E-004
   2.3906723354665980E-004
   2.3906722520215435E-004
   2.3906721688645441E-004
   2.3906720859900800E-004
   2.3906720033927190E-004
   2.3906719210671157E-004
   2.3906718390080106E-004
   2.3906717572102457E-004
   2.3906716756687569E-004
