   2.3906846188964567E-004
   2.3906846188999787E-004
   2.3906846188587958E-004
   2.3906846186997304E-004
   2.3906846183102413E-004
   2.3906846175422508E-004
   2.3906846162187622E-004
   2.3906846141414433E-004
   2.3906846110982022E-004
   2.3906846068701907E-004
   2.3906846012378485E-004
   2.3906845939859644E-004
   2.3906845849077003E-004
   2.3906845738077962E-004
   2.3906845605048876E-004
   2.3906845448331361E-004
   2.3906845266432280E-004
   2.3906845058029009E-004
   2.3906844821970356E-004
   2.3906844557274601E-004
   2.3906844263124955E-004
   2.3906843938863306E-004
   2.3906843583982538E-004
   2.3906843198118183E-004
   2.3906842781039361E-004
   2.3906842332639553E-004
   2.3906841852927257E-004
   2.3906841342016805E-004
   2.3906840800119351E-004
   2.3906840227534254E-004
   2.3906839624640832E-004
   2.3906838991890201E-004
   2.3906838329798124E-004
   2.3906837638937840E-004
   2.3906836919933424E-004
   2.3906836173453840E-004
   2.3906835400206995E-004
   2.3906834600934490E-004
   2.3906833776406606E-004
   2.3906832927417026E-004
   2.3906832054777227E-004
   2.3906831159314101E-004
   2.3906830241867929E-004
   2.3906829303288978E-004
   2.3906828344434107E-004
   2.3906827366163789E-004
   2.3906826369339416E-004
   2.3906825354820912E-004
   2.3906824323464371E-004
   2.3906823276120186E-004
   2.3906822213631081E-004
   2.3906821136830556E-004
   2.3906820046541388E-004
   2.3906818943574202E-004
   2.3906817828726350E-004
   2.3906816702780705E-004
   2.3906815566504904E-004
   2.3906814420650250E-004
   2.3906813265951157E-004
   2.3906812103124446E-004
   2.3906810932868819E-004
   2.3906809755864296E-004
   2.3906808572771938E-004
   2.3906807384233445E-004
   2.3906806190871020E-004
   2.3906804993287131E-004
   2.3906803792064383E-004
   2.3906802587765497E-004
   2.3906801380933304E-004
   2.3906800172090821E-004
   2.3906798961741303E-004
   2.3906797750368312E-004
   2.3906796538436105E-004
   2.3906795326389572E-004
   2.3906794114654658E-004
   2.3906792903638610E-004
   2.3906791693730189E-004
   2.3906790485300031E-004
   2.3906789278701015E-004
   2.3906788074268512E-004
   2.3906786872320940E-004
   2.3906785673159935E-004
   2.3906784477070834E-004
   2.3906783284323094E-004
   2.3906782095170639E-004
   2.3906780909852278E-004
   2.3906779728592208E-004
   2.3906778551600229E-004
   2.3906777379072253E-004
   2.3906776211190717E-004
   2.3906775048124855E-004
   2.3906773890031084E-004
   2.3906772737053255E-004
   2.3906771589322904E-004
   2.3906770446959286E-004
   2.3906769310069316E-004
   2.3906768178746829E-004
   2.3906767053071622E-004
   2.3906765933107276E-004
   2.3906764818899481E-004
   2.3906763710479514E-004
   2.3906762607875761E-004
   2.3906761511121517E-004
   2.3906760420251325E-004
   2.3906759335295475E-004
   2.3906758256277767E-004
   2.3906757183215244E-004
   2.3906756116118372E-004
   2.3906755054991396E-004
   2.3906753999832745E-004
   2.3906752950635232E-004
   2.3906751907386590E-004
   2.3906750870069543E-004
   2.3906749838662232E-004
   2.3906748813138439E-004
   2.3906747793467868E-004
   2.3906746779616414E-004
   2.3906745771546376E-004
   2.3906744769216682E-004
   2.3906743772583220E-004
   2.3906742781598956E-004
   2.3906741796214119E-004
   2.3906740816376557E-004
   2.3906739842031815E-004
   2.3906738873123333E-004
   2.3906737909592767E-004
   2.3906736951379945E-004
   2.3906735998423226E-004
   2.3906735050659608E-004
   2.3906734108024825E-004
   2.3906733170453635E-004
   2.3906732237879906E-004
   2.3906731310236709E-004
   2.3906730387456514E-004
   2.3906729469471289E-004
   2.3906728556212677E-004
   2.3906727647612141E-004
   2.3906726743600960E-004
   2.3906725844110395E-004
   2.3906724949071940E-004
   2.3906724058417206E-004
   2.3906723172078116E-004
   2.3906722289987014E-004
   2.3906721412076737E-004
   2.3906720538280728E-004
   2.3906719668533027E-004
   2.3906718802768485E-004
   2.3906717940922690E-004
   2.3906717082932124E-004
   2.3906716228734218E-004
