   1.0805690468865662E-003
   1.0805690445082014E-003
   1.0805690387992082E-003
   1.0805690290026082E-003
   1.0805690147422389E-003
   1.0805689959091512E-003
   1.0805689725512562E-003
   1.0805689448735477E-003
   1.0805689131880435E-003
   1.0805688778834563E-003
   1.0805688394074234E-003
   1.0805687982541393E-003
   1.0805687549555886E-003
   1.0805687100750498E-003
   1.0805686642018104E-003
   1.0805686179461327E-003
   1.0805685719335514E-003
   1.0805685267972890E-003
   1.0805684831670516E-003
   1.0805684416509910E-003
   1.0805684028043958E-003
   1.0805683670704570E-003
   1.0805683346559261E-003
   1.0805683052353340E-003
   1.0805682771481793E-003
   1.0805682452071218E-003
   1.0805681997087225E-003
   1.0805681421173741E-003
   1.0805680816622486E-003
   1.0805680205387524E-003
   1.0805679590798398E-003
   1.0805678974674933E-003
   1.0805678358393675E-003
   1.0805677743046180E-003
   1.0805677129520294E-003
   1.0805676518549964E-003
   1.0805675910748242E-003
   1.0805675306630360E-003
   1.0805674706630610E-003
   1.0805674111115154E-003
   1.0805673520389463E-003
   1.0805672934710100E-003
   1.0805672354297327E-003
   1.0805671779325872E-003
   1.0805671209936820E-003
   1.0805670646241328E-003
   1.0805670088323870E-003
   1.0805669536245047E-003
   1.0805668990044120E-003
   1.0805668449741148E-003
   1.0805667915339031E-003
   1.0805667386825266E-003
   1.0805666864173525E-003
   1.0805666347345135E-003
   1.0805665836290349E-003
   1.0805665330949625E-003
   1.0805664831254665E-003
   1.0805664337129421E-003
   1.0805663848491023E-003
   1.0805663365250644E-003
   1.0805662887314247E-003
   1.0805662414583301E-003
   1.0805661946955414E-003
   1.0805661484324953E-003
   1.0805661026583560E-003
   1.0805660573620648E-003
   1.0805660125323858E-003
   1.0805659681579485E-003
   1.0805659242272812E-003
   1.0805658807288533E-003
   1.0805658376511057E-003
   1.0805657949824899E-003
   1.0805657527115026E-003
   1.0805657108267069E-003
   1.0805656693167610E-003
   1.0805656281704218E-003
   1.0805655873765568E-003
   1.0805655469241528E-003
   1.0805655068023194E-003
   1.0805654670003062E-003
   1.0805654275075070E-003
   1.0805653883134713E-003
   1.0805653494079125E-003
   1.0805653107807118E-003
   1.0805652724219241E-003
   1.0805652343217848E-003
   1.0805651964707068E-003
   1.0805651588592874E-003
   1.0805651214783089E-003
   1.0805650843187351E-003
   1.0805650473717152E-003
   1.0805650106285834E-003
   1.0805649740808535E-003
   1.0805649377202211E-003
   1.0805649015385600E-003
   1.0805648655279217E-003
   1.0805648296805317E-003
   1.0805647939887836E-003
   1.0805647584452448E-003
   1.0805647230426438E-003
   1.0805646877738711E-003
   1.0805646526319758E-003
   1.0805646176101653E-003
   1.0805645827017970E-003
   1.0805645479003733E-003
   1.0805645131995471E-003
   1.0805644785931083E-003
   1.0805644440749856E-003
   1.0805644096392440E-003
   1.0805643752800752E-003
   1.0805643409918029E-003
   1.0805643067688716E-003
   1.0805642726058494E-003
   1.0805642384974178E-003
   1.0805642044383770E-003
   1.0805641704236368E-003
   1.0805641364482164E-003
   1.0805641025072401E-003
   1.0805640685959354E-003
   1.0805640347096275E-003
   1.0805640008437433E-003
   1.0805639669938018E-003
   1.0805639331554148E-003
   1.0805638993242838E-003
   1.0805638654961987E-003
   1.0805638316670348E-003
   1.0805637978327505E-003
   1.0805637639893879E-003
   1.0805637301330652E-003
   1.0805636962599805E-003
   1.0805636623664064E-003
   1.0805636284486901E-003
   1.0805635945032516E-003
   1.0805635605265803E-003
   1.0805635265152367E-003
   1.0805634924658488E-003
   1.0805634583751092E-003
   1.0805634242397775E-003
   1.0805633900566763E-003
   1.0805633558226913E-003
   1.0805633215347700E-003
   1.0805632871899167E-003
   1.0805632527852002E-003
   1.0805632183177459E-003
   1.0805631837847334E-003
   1.0805631491834038E-003
   1.0805631145110483E-003
   1.0805630797650172E-003
   1.0805630449427133E-003
   1.0805630100415927E-003
