   1.0807148403098449E-003
   1.0808604452670902E-003
   1.0810061629889724E-003
   1.0811519914219110E-003
   1.0812979287836576E-003
   1.0814439735080848E-003
   1.0815901241891862E-003
   1.0817363795592573E-003
   1.0818827384526731E-003
   1.0820291997808993E-003
   1.0821757625138868E-003
   1.0823224256653163E-003
   1.0824691882808429E-003
   1.0826160494287382E-003
   1.0827630081924071E-003
   1.0829100636644549E-003
   1.0830572149420224E-003
   1.0832044611231220E-003
   1.0833518013038386E-003
   1.0834992345762594E-003
   1.0836467600268266E-003
   1.0837943767355238E-003
   1.0839420837751223E-003
   1.0840898802109533E-003
   1.0842377651009226E-003
   1.0843857374957721E-003
   1.0845337964395223E-003
   1.0846819409700799E-003
   1.0848301701200463E-003
   1.0849784829176730E-003
   1.0851268783878558E-003
   1.0852753555531699E-003
   1.0854239134349536E-003
   1.0855725510544249E-003
   1.0857212674338253E-003
   1.0858700615975548E-003
   1.0860189325733083E-003
   1.0861678793931968E-003
   1.0863169010948302E-003
   1.0864659967223765E-003
   1.0866151653275726E-003
   1.0867644059706909E-003
   1.0869137177214505E-003
   1.0870630996598705E-003
   1.0872125508770642E-003
   1.0873620704759813E-003
   1.0875116575720695E-003
   1.0876613112938860E-003
   1.0878110307836458E-003
   1.0879608151976930E-003
   1.0881106637069290E-003
   1.0882605754971603E-003
   1.0884105497694079E-003
   1.0885605857401401E-003
   1.0887106826414682E-003
   1.0888608397212713E-003
   1.0890110562432928E-003
   1.0891613314871721E-003
   1.0893116647484444E-003
   1.0894620553384901E-003
   1.0896125025844545E-003
   1.0897630058291285E-003
   1.0899135644307910E-003
   1.0900641777630323E-003
   1.0902148452145435E-003
   1.0903655661888758E-003
   1.0905163401041934E-003
   1.0906671663929901E-003
   1.0908180445018017E-003
   1.0909689738908806E-003
   1.0911199540338881E-003
   1.0912709844175484E-003
   1.0914220645413082E-003
   1.0915731939169795E-003
   1.0917243720683788E-003
   1.0918755985309580E-003
   1.0920268728514385E-003
   1.0921781945874294E-003
   1.0923295633070559E-003
   1.0924809785885818E-003
   1.0926324400200324E-003
   1.0927839471988200E-003
   1.0929354997313665E-003
   1.0930870972327409E-003
   1.0932387393262912E-003
   1.0933904256432787E-003
   1.0935421558225255E-003
   1.0936939295100635E-003
   1.0938457463587922E-003
   1.0939976060281350E-003
   1.0941495081837152E-003
   1.0943014524970281E-003
   1.0944534386451306E-003
   1.0946054663103261E-003
   1.0947575351798774E-003
   1.0949096449457045E-003
   1.0950617953041158E-003
   1.0952139859555265E-003
   1.0953662166042011E-003
   1.0955184869580021E-003
   1.0956707967281411E-003
   1.0958231456289524E-003
   1.0959755333776644E-003
   1.0961279596941888E-003
   1.0962804243009137E-003
   1.0964329269225167E-003
   1.0965854672857702E-003
   1.0967380451193801E-003
   1.0968906601538117E-003
   1.0970433121211419E-003
   1.0971960007549110E-003
   1.0973487257899919E-003
   1.0975014869624585E-003
   1.0976542840094789E-003
   1.0978071166692009E-003
   1.0979599846806585E-003
   1.0981128877836862E-003
   1.0982658257188335E-003
   1.0984187982272995E-003
   1.0985718050508658E-003
   1.0987248459318432E-003
   1.0988779206130290E-003
   1.0990310288376661E-003
   1.0991841703494034E-003
   1.0993373448922885E-003
   1.0994905522107329E-003
   1.0996437920495108E-003
   1.0997970641537546E-003
   1.0999503682689513E-003
   1.1001037041409522E-003
   1.1002570715159883E-003
   1.1004104701406818E-003
   1.1005638997620784E-003
   1.1007173601276590E-003
   1.1008708509853879E-003
   1.1010243720837327E-003
   1.1011779231717162E-003
   1.1013315039989492E-003
   1.1014851143156797E-003
   1.1016387538728342E-003
   1.1017924224220803E-003
   1.1019461197158628E-003
   1.1020998455074692E-003
   1.1022535995510818E-003
   1.1024073816018340E-003
   1.1025611914158638E-003
   1.1027150287503838E-003
   1.1028688933637238E-003
   1.1030227850154048E-003
   1.1031767034661911E-003
