   1.0805690333202645E-003
   1.0805690023806224E-003
   1.0805689734275444E-003
   1.0805689691305489E-003
   1.0805690104480636E-003
   1.0805690045776822E-003
   1.0805689180254350E-003
   1.0805688277667740E-003
   1.0805687357850352E-003
   1.0805686434281795E-003
   1.0805685516850001E-003
   1.0805684612961715E-003
   1.0805683728197534E-003
   1.0805682866746925E-003
   1.0805682031718726E-003
   1.0805681225372601E-003
   1.0805680449296096E-003
   1.0805679704542206E-003
   1.0805678991737482E-003
   1.0805678311167342E-003
   1.0805677662843916E-003
   1.0805677046559911E-003
   1.0805676461931707E-003
   1.0805675908433685E-003
   1.0805675385425430E-003
   1.0805674892172517E-003
   1.0805674427862202E-003
   1.0805673991623147E-003
   1.0805673582545757E-003
   1.0805673199686837E-003
   1.0805672842074264E-003
   1.0805672508713555E-003
   1.0805672198593780E-003
   1.0805671910692491E-003
   1.0805671643980064E-003
   1.0805671397423311E-003
   1.0805671169988728E-003
   1.0805670960645259E-003
   1.0805670768366863E-003
   1.0805670592134665E-003
   1.0805670430938960E-003
   1.0805670283780999E-003
   1.0805670149674651E-003
   1.0805670027647788E-003
   1.0805669916743687E-003
   1.0805669816022140E-003
   1.0805669724560578E-003
   1.0805669641454998E-003
   1.0805669565820838E-003
   1.0805669496793725E-003
   1.0805669433530123E-003
   1.0805669375207924E-003
   1.0805669321026883E-003
   1.0805669270209037E-003
   1.0805669221999068E-003
   1.0805669175664508E-003
   1.0805669130495880E-003
   1.0805669085806842E-003
   1.0805669040934269E-003
   1.0805668995238133E-003
   1.0805668948101516E-003
   1.0805668898930462E-003
   1.0805668847153832E-003
   1.0805668792223013E-003
   1.0805668733611684E-003
   1.0805668670815563E-003
   1.0805668603352018E-003
   1.0805668530759747E-003
   1.0805668452598331E-003
   1.0805668368447884E-003
   1.0805668277908546E-003
   1.0805668180600078E-003
   1.0805668076161404E-003
   1.0805667964250134E-003
   1.0805667844542089E-003
   1.0805667716730783E-003
   1.0805667580526938E-003
   1.0805667435657927E-003
   1.0805667281867308E-003
   1.0805667118914187E-003
   1.0805666946572751E-003
   1.0805666764631728E-003
   1.0805666572893838E-003
   1.0805666371175335E-003
   1.0805666159305418E-003
   1.0805665937125787E-003
   1.0805665704490095E-003
   1.0805665461263536E-003
   1.0805665207322315E-003
   1.0805664942553177E-003
   1.0805664666852996E-003
   1.0805664380128294E-003
   1.0805664082294839E-003
   1.0805663773277208E-003
   1.0805663453008429E-003
   1.0805663121429521E-003
   1.0805662778489214E-003
   1.0805662424143484E-003
   1.0805662058355320E-003
   1.0805661681094290E-003
   1.0805661292336338E-003
   1.0805660892063364E-003
   1.0805660480263058E-003
   1.0805660056928575E-003
   1.0805659622058279E-003
   1.0805659175655547E-003
   1.0805658717728472E-003
   1.0805658248289756E-003
   1.0805657767356460E-003
   1.0805657274949821E-003
   1.0805656771095153E-003
   1.0805656255821591E-003
   1.0805655729162085E-003
   1.0805655191153179E-003
   1.0805654641834993E-003
   1.0805654081251033E-003
   1.0805653509448180E-003
   1.0805652926476625E-003
   1.0805652332389749E-003
   1.0805651727244174E-003
   1.0805651111099632E-003
   1.0805650484018989E-003
   1.0805649846068284E-003
   1.0805649197316624E-003
   1.0805648537836274E-003
   1.0805647867702635E-003
   1.0805647186994277E-003
   1.0805646495792962E-003
   1.0805645794183720E-003
   1.0805645082254869E-003
   1.0805644360098062E-003
   1.0805643627808418E-003
   1.0805642885484469E-003
   1.0805642133228336E-003
   1.0805641371145786E-003
   1.0805640599346297E-003
   1.0805639817943133E-003
   1.0805639027053479E-003
   1.0805638226798512E-003
   1.0805637417303487E-003
   1.0805636598697874E-003
   1.0805635771115420E-003
   1.0805634934694299E-003
   1.0805634089577152E-003
   1.0805633235911258E-003
   1.0805632373848649E-003
   1.0805631503546145E-003
   1.0805630625165521E-003
   1.0805629738873620E-003
   1.0805628844842423E-003
