   1.0805690473078995E-003
   1.0805690473861859E-003
   1.0805690474384336E-003
   1.0805690474319932E-003
   1.0805690473164027E-003
   1.0805690470251502E-003
   1.0805690464786308E-003
   1.0805690455875413E-003
   1.0805690442563087E-003
   1.0805690423862577E-003
   1.0805690398783656E-003
   1.0805690366355691E-003
   1.0805690325646133E-003
   1.0805690275774752E-003
   1.0805690215924223E-003
   1.0805690145347334E-003
   1.0805690063371573E-003
   1.0805689969401414E-003
   1.0805689862918787E-003
   1.0805689743482116E-003
   1.0805689610724359E-003
   1.0805689464350094E-003
   1.0805689304132097E-003
   1.0805689129907516E-003
   1.0805688941573732E-003
   1.0805688739084086E-003
   1.0805688522443277E-003
   1.0805688291702965E-003
   1.0805688046958261E-003
   1.0805687788344349E-003
   1.0805687516032814E-003
   1.0805687230228019E-003
   1.0805686931163656E-003
   1.0805686619099542E-003
   1.0805686294318635E-003
   1.0805685957124187E-003
   1.0805685607837203E-003
   1.0805685246794018E-003
   1.0805684874344032E-003
   1.0805684490847681E-003
   1.0805684096674522E-003
   1.0805683692201489E-003
   1.0805683277811215E-003
   1.0805682853890601E-003
   1.0805682420829388E-003
   1.0805681979018909E-003
   1.0805681528850957E-003
   1.0805681070716715E-003
   1.0805680605005701E-003
   1.0805680132104966E-003
   1.0805679652398233E-003
   1.0805679166265170E-003
   1.0805678674080670E-003
   1.0805678176214280E-003
   1.0805677673029629E-003
   1.0805677164883900E-003
   1.0805676652127412E-003
   1.0805676135103139E-003
   1.0805675614146424E-003
   1.0805675089584556E-003
   1.0805674561736546E-003
   1.0805674030912764E-003
   1.0805673497414783E-003
   1.0805672961535010E-003
   1.0805672423556546E-003
   1.0805671883752956E-003
   1.0805671342387945E-003
   1.0805670799715276E-003
   1.0805670255978560E-003
   1.0805669711411246E-003
   1.0805669166236852E-003
   1.0805668620669547E-003
   1.0805668074914973E-003
   1.0805667529171182E-003
   1.0805666983629281E-003
   1.0805666438473529E-003
   1.0805665893881158E-003
   1.0805665350022042E-003
   1.0805664807058502E-003
   1.0805664265145167E-003
   1.0805663724429088E-003
   1.0805663185049757E-003
   1.0805662647139327E-003
   1.0805662110822706E-003
   1.0805661576217781E-003
   1.0805661043435527E-003
   1.0805660512580272E-003
   1.0805659983749796E-003
   1.0805659457035568E-003
   1.0805658932522895E-003
   1.0805658410291135E-003
   1.0805657890413896E-003
   1.0805657372959154E-003
   1.0805656857989555E-003
   1.0805656345562467E-003
   1.0805655835730271E-003
   1.0805655328540457E-003
   1.0805654824035896E-003
   1.0805654322254903E-003
   1.0805653823231490E-003
   1.0805653326995536E-003
   1.0805652833572900E-003
   1.0805652342985627E-003
   1.0805651855252103E-003
   1.0805651370387212E-003
   1.0805650888402478E-003
   1.0805650409306221E-003
   1.0805649933103725E-003
   1.0805649459797336E-003
   1.0805648989386629E-003
   1.0805648521868569E-003
   1.0805648057237588E-003
   1.0805647595485762E-003
   1.0805647136602919E-003
   1.0805646680576739E-003
   1.0805646227392900E-003
   1.0805645777035189E-003
   1.0805645329485618E-003
   1.0805644884724496E-003
   1.0805644442730600E-003
   1.0805644003481166E-003
   1.0805643566952118E-003
   1.0805643133118068E-003
   1.0805642701952447E-003
   1.0805642273427579E-003
   1.0805641847514780E-003
   1.0805641424184410E-003
   1.0805641003405995E-003
   1.0805640585148258E-003
   1.0805640169379218E-003
   1.0805639756066236E-003
   1.0805639345176105E-003
   1.0805638936675112E-003
   1.0805638530529075E-003
   1.0805638126703411E-003
   1.0805637725163212E-003
   1.0805637325873294E-003
   1.0805636928798174E-003
   1.0805636533902218E-003
   1.0805636141149615E-003
   1.0805635750504466E-003
   1.0805635361930781E-003
   1.0805634975392532E-003
   1.0805634590853683E-003
   1.0805634208278239E-003
   1.0805633827630249E-003
   1.0805633448873844E-003
   1.0805633071973239E-003
   1.0805632696892803E-003
   1.0805632323597032E-003
