   1.0805690467180495E-003
   1.0805690466081015E-003
   1.0805690461910533E-003
   1.0805690452171397E-003
   1.0805690434275189E-003
   1.0805690405777473E-003
   1.0805690364505949E-003
   1.0805690308619692E-003
   1.0805690236624871E-003
   1.0805690147364308E-003
   1.0805690039990387E-003
   1.0805689913930151E-003
   1.0805689768853715E-003
   1.0805689604639736E-003
   1.0805689421341971E-003
   1.0805689219158877E-003
   1.0805688998406547E-003
   1.0805688759495246E-003
   1.0805688502909141E-003
   1.0805688229189191E-003
   1.0805687938918753E-003
   1.0805687632711714E-003
   1.0805687311202647E-003
   1.0805686975038893E-003
   1.0805686624874159E-003
   1.0805686261363386E-003
   1.0805685885158767E-003
   1.0805685496906694E-003
   1.0805685097245309E-003
   1.0805684686802813E-003
   1.0805684266196164E-003
   1.0805683836030153E-003
   1.0805683396896853E-003
   1.0805682949375139E-003
   1.0805682494030426E-003
   1.0805682031414454E-003
   1.0805681562064686E-003
   1.0805681086502974E-003
   1.0805680605229383E-003
   1.0805680118677193E-003
   1.0805679627153319E-003
   1.0805679131058372E-003
   1.0805678630824937E-003
   1.0805678126872198E-003
   1.0805677619606009E-003
   1.0805677109419587E-003
   1.0805676596693991E-003
   1.0805676081798588E-003
   1.0805675565091451E-003
   1.0805675046919783E-003
   1.0805674527620262E-003
   1.0805674007519383E-003
   1.0805673486933771E-003
   1.0805672966170490E-003
   1.0805672445527324E-003
   1.0805671925293101E-003
   1.0805671405747879E-003
   1.0805670887163274E-003
   1.0805670369802686E-003
   1.0805669853921453E-003
   1.0805669339767174E-003
   1.0805668827579839E-003
   1.0805668317592047E-003
   1.0805667810029173E-003
   1.0805667305109541E-003
   1.0805666803044519E-003
   1.0805666304038713E-003
   1.0805665808289986E-003
   1.0805665315989611E-003
   1.0805664827322342E-003
   1.0805664342466361E-003
   1.0805663861593352E-003
   1.0805663384868462E-003
   1.0805662912450169E-003
   1.0805662444490249E-003
   1.0805661981133545E-003
   1.0805661522517726E-003
   1.0805661068772933E-003
   1.0805660620021372E-003
   1.0805660176376715E-003
   1.0805659737943313E-003
   1.0805659304815218E-003
   1.0805658877074910E-003
   1.0805658454791491E-003
   1.0805658038018399E-003
   1.0805657626790273E-003
   1.0805657221118674E-003
   1.0805656820986056E-003
   1.0805656426337213E-003
   1.0805656037066813E-003
   1.0805655653000771E-003
   1.0805655273867661E-003
   1.0805654899253131E-003
   1.0805654528525071E-003
   1.0805654160705692E-003
   1.0805653794245976E-003
   1.0805653426622763E-003
   1.0805653053663027E-003
   1.0805652668784704E-003
   1.0805652264021428E-003
   1.0805651836670478E-003
   1.0805651394600452E-003
   1.0805650947693023E-003
   1.0805650500882750E-003
   1.0805650055724131E-003
   1.0805649612601134E-003
   1.0805649171592565E-003
   1.0805648732708671E-003
   1.0805648295944827E-003
   1.0805647861292145E-003
   1.0805647428739360E-003
   1.0805646998273283E-003
   1.0805646569879070E-003
   1.0805646143540325E-003
   1.0805645719239299E-003
   1.0805645296956966E-003
   1.0805644876673212E-003
   1.0805644458366872E-003
   1.0805644042015893E-003
   1.0805643627597376E-003
   1.0805643215087710E-003
   1.0805642804462598E-003
   1.0805642395697211E-003
   1.0805641988766194E-003
   1.0805641583643733E-003
   1.0805641180303652E-003
   1.0805640778719474E-003
   1.0805640378864444E-003
   1.0805639980711590E-003
   1.0805639584233185E-003
   1.0805639189397063E-003
   1.0805638796182100E-003
   1.0805638404561104E-003
   1.0805638014506720E-003
   1.0805637625991630E-003
   1.0805637238988635E-003
   1.0805636853470661E-003
   1.0805636469410828E-003
   1.0805636086782435E-003
   1.0805635705559032E-003
   1.0805635325714408E-003
   1.0805634947222643E-003
   1.0805634570058115E-003
   1.0805634194195571E-003
   1.0805633819610068E-003
   1.0805633446277045E-003
   1.0805633074172348E-003
   1.0805632703272203E-003
   1.0805632333553286E-003
   1.0805631964992725E-003
