   2.3117425482718040E-002
   4.5989856602903709E-002
   6.8588058823642842E-002
   9.0896312253413283E-002
  0.11290144272906437     
  0.13459233989413247     
  0.15595960136655784     
  0.17699522254784450     
  0.19769238652961346     
  0.21804530043510090     
  0.23804906889922045     
  0.25769959762722816     
  0.27699351984286641     
  0.29592813998398215     
  0.31450139021579704     
  0.33271179628868769     
  0.35055845002742969     
  0.36804098634546129     
  0.38515956316341382     
  0.40191484299994351     
  0.41830797532116171     
  0.43434057896936240     
  0.45001472422186856     
  0.46533291416467515     
  0.48029806521629631     
  0.49491348674916780     
  0.50918285987359291     
  0.52311021540237912     
  0.53669991062617106     
  0.54995660519974765     
  0.56288523686723424     
  0.57549099702846340     
  0.58777930618895402     
  0.59975578945840924     
  0.61142625227143221     
  0.62279665649568250     
  0.63387309708015283     
  0.64466177938176106     
  0.65516899729225475     
  0.66540111227028731     
  0.67536453336632507     
  0.68506569831060304     
  0.69451105571770300     
  0.70370704844527487     
  0.71266009812959741     
  0.72137659090680428     
  0.72986286431629077     
  0.73812519537172006     
  0.74616978977541992     
  0.75400277224382251     
  0.76163017790465903     
  0.76905794472107414     
  0.77629190689347793     
  0.78333778918672947     
  0.79020120212800893     
  0.79688763801938689     
  0.80340246770868129     
  0.80975093806227139     
  0.81593817008438241     
  0.82196915762861578     
  0.82784876664913487     
  0.83358173494101440     
  0.83917267232136039     
  0.84462606120548134     
  0.84994625753464970     
  0.85513749201497058     
  0.86020387162909395     
  0.86514938138613162     
  0.86997788627577244     
  0.87469313339788424     
  0.87929875423903225     
  0.88379826707082243     
  0.88819507944678677     
  0.89249249077671211     
  0.89669369495921691     
  0.90080178305533654     
  0.90481974598791159     
  0.90875047725365576     
  0.91259677563646147     
  0.91636134791201029     
  0.92004681153469658     
  0.92365569729888453     
  0.92719045196737704     
  0.93065344086098600     
  0.93404695040391839     
  0.93737319062067948     
  0.94063429758083450     
  0.94383233578885339     
  0.94696930051666528     
  0.95004712007732928     
  0.95306765803847904     
  0.95603271537482226     
  0.95894403255924743     
  0.96180329159241573     
  0.96461211797100399     
  0.96737208259508756     
  0.97008470361522747     
  0.97275144822014425     
  0.97537373436592056     
  0.97795293244783343     
  0.98049036691607683     
  0.98298731783660220     
  0.98544502239854426     
  0.98786467636955355     
  0.99024743550059391     
  0.99259441688167205     
  0.99490670024998140     
  0.99718532925204273     
  0.99943131266130980     
   1.0016456255528094     
   1.0038292104362658     
   1.0059829783492105     
   1.0081078099115546     
   1.0102045563430442     
   1.0122740404449400     
   1.0143170575473957     
   1.0163343764237465     
   1.0183267401730816     
   1.0202948670722694     
   1.0222394513987458     
   1.0241611642251056     
   1.0260606541867359     
   1.0279385482234717     
   1.0297954522963895     
   1.0316319520807007     
   1.0334486136356680     
   1.0352459840525399     
   1.0370245920812919     
   1.0387849487370513     
   1.0405275478869915     
   1.0422528668184541     
   1.0439613667890242     
   1.0456534935592334     
   1.0473296779085666     
   1.0489903361353456     
   1.0506358705411460     
   1.0522666699002294     
   1.0538831099146126     
   1.0554855536551688     
   1.0570743519893420     
   1.0586498439958405     
   1.0602123573668014     
   1.0617622087978014     
   1.0632997043661079     
   1.0648251398975135     
   1.0663388013221733     
   1.0678409650196650     
   1.0693318981537026     
   1.0708118589966851     
   1.0722810972445218     
