   1.0224985266889701E-005
   2.5041626593561664E-005
   6.1802690369738294E-005
   1.2773728194161375E-004
   2.2836882786338739E-004
   3.6792652387166737E-004
   5.4965529242373477E-004
   7.7605290221261284E-004
   1.0490610699241073E-003
   1.3708611539489301E-003
   1.7481503629229297E-003
   2.1775189573547300E-003
   2.6595589648420437E-003
   3.1949525553400925E-003
   3.7842491529670418E-003
   4.4278902319247280E-003
   5.1262281910703497E-003
   5.8795405767970710E-003
   6.6880407576844743E-003
   7.5518859055815997E-003
   8.4711829429465566E-003
   9.4459929645044436E-003
   1.0476334523435205E-002
   1.1562186080984785E-002
   1.2703487847760602E-002
   1.3900143190427585E-002
   1.5152019735460263E-002
   1.6458950269219258E-002
   1.7820733508715585E-002
   1.9237134798293597E-002
   2.0707886772786035E-002
   2.2232690016444744E-002
   2.3811213738333659E-002
   2.5443096478268527E-002
   2.7127946852312654E-002
   2.8865344342877401E-002
   3.0654840135211279E-002
   3.2495957998941345E-002
   3.4388195211542037E-002
   3.6331023499962839E-002
   3.8323889335323359E-002
   4.0366214863462493E-002
   4.2457400161991843E-002
   4.4596824447558955E-002
   4.6783847120832771E-002
   4.9017808857234439E-002
   5.1298032733839760E-002
   5.3623825382988946E-002
   5.5994478164592423E-002
   5.8409268350299359E-002
   6.0867460313645344E-002
   6.3368306721077683E-002
   6.5911049719400011E-002
   6.8494922115720863E-002
   7.1119148546438471E-002
   7.3782946632194674E-002
   7.6485528116053164E-002
   7.9226099982460926E-002
   8.2003865554803004E-002
   8.4818025569590269E-002
   8.7667779225524683E-002
   9.0552325205865689E-002
   9.3470862672693639E-002
   9.6422592231806464E-002
   9.9406716867132247E-002
  0.10242244284365923     
  0.10546898057800400     
  0.10854554547696744     
  0.11165135873647167     
  0.11478564811811388     
  0.11794764867838473     
  0.12113660346905493     
  0.12435176420057338     
  0.12759239186956642     
  0.13085775735024563     
  0.13414714194960267     
  0.13745983792633115     
  0.14079514897348200     
  0.14415239066491409     
  0.14753089086567364     
  0.15092999010647501     
  0.15434904192253079     
  0.15778741315702358     
  0.16124448422956289     
  0.16471964937003630     
  0.16821231681829549     
  0.17172190899018541     
  0.17524786261046049     
  0.17878962881318250     
  0.18234667321023276     
  0.18591847592862507     
  0.18950453161732178     
  0.19310434942431481     
  0.19671745294473666     
  0.20034338014080619     
  0.20398168323440899     
  0.20763192857309742     
  0.21129369647014798     
  0.21496658101857333     
  0.21865018987654616     
  0.22234414402029654     
  0.22604807747197439     
  0.22976163702569272     
  0.23348448198293437     
  0.23721628388165400     
  0.24095672620133157     
  0.24470550404000982     
  0.24846232376717425     
  0.25222690265749897     
  0.25599896850951209     
  0.25977825925212766     
  0.26356452254122209     
  0.26735751534791369     
  0.27115700353991617     
  0.27496276145715887     
  0.27877457148278001     
  0.28259222361051894     
  0.28641551500954437     
  0.29024424958770795     
  0.29407823755421630     
  0.29791729498269021     
  0.30176124337560201     
  0.30560990923100745     
  0.30946312361254508     
  0.31332072172357966     
  0.31718254248641237     
  0.32104842812739703     
  0.32491822376880997     
  0.32879177702827167     
  0.33266893762648370     
  0.33654955700402528     
  0.34043348794789874     
  0.34432058422849160     
  0.34821070024757994     
  0.35210369069795511     
  0.35599941023519599     
  0.35989771316210417     
  0.36379845312624670     
  0.36770148283103987     
  0.37160665376073870     
  0.37551381591965755     
  0.37942281758594143     
  0.38333350508009750     
  0.38724572254853257     
  0.39115931176223223     
  0.39507411193073022     
  0.39898995953144695     
  0.40290668815444208     
  0.40682412836258697     
  0.41074210756715090     
