   7.8635758356972175E-006
   7.8638038542815917E-006
   7.8662842345366409E-006
   7.8762288119335680E-006
   7.9042136950977543E-006
   7.9676033974640454E-006
   8.0913660692236292E-006
   8.3083570633204636E-006
   8.6591984957140871E-006
   9.1919342481743725E-006
   9.9633541444510076E-006
   1.1037044192895823E-005
   1.2481194510059748E-005
   1.4368962056656772E-005
   1.6777795597323010E-005
   1.9788784072717347E-005
   2.3486050883299214E-005
   2.7956196943942740E-005
   3.3287792108523245E-005
   3.9570912644811844E-005
   4.6896721458036778E-005
   5.5357087418528293E-005
   6.5044240229097014E-005
   7.6050457622844734E-005
   8.8467782220031348E-005
   1.0238776605260998E-004
   1.1790124160107528E-004
   1.3509811926841998E-004
   1.5406721275373477E-004
   1.7489609624511308E-004
   1.9767100173705471E-004
   2.2247677341684325E-004
   2.4939691474501057E-004
   2.7851380846620390E-004
   3.0990930977317399E-004
   3.4366628977477889E-004
   3.7987318175766260E-004
   4.1864175528499783E-004
   4.6023229574319603E-004
   5.0562489931205222E-004
   5.5455254755153323E-004
   6.0646095992525286E-004
   6.6140560943418302E-004
   7.1945243641657669E-004
   7.8066471885404772E-004
   8.4510301881766936E-004
   9.1282515502633967E-004
   9.8388618475588074E-004
   1.0583383944889567E-003
   1.1362312987526629E-003
   1.2176116466248719E-003
   1.3025234354170454E-003
   1.3910079310626331E-003
   1.4831036947588940E-003
   1.5788466154269163E-003
   1.6782699475708189E-003
   1.7814043541329839E-003
   1.8882779539576317E-003
   1.9989163734907374E-003
   2.1133428023596295E-003
   2.2315780524909787E-003
   2.3536406204409800E-003
   2.4795467526263068E-003
   2.6093105131588948E-003
   2.7429438540015330E-003
   2.8804566871747776E-003
   3.0218569587586778E-003
   3.1671507244487584E-003
   3.3163422264185045E-003
   3.4694339712861067E-003
   3.6264268089782814E-003
   3.7873200122628529E-003
   3.9521113567812811E-003
   4.1207972013925049E-003
   4.2933725686539609E-003
   4.4698312252735130E-003
   4.6501657623733107E-003
   4.8343676754137735E-003
   5.0224274436327550E-003
   5.2143346088607406E-003
   5.4100778535796758E-003
   5.6096450780980470E-003
   5.8130234767210425E-003
   6.0201996127995034E-003
   6.2311594925463848E-003
   6.4458886375144174E-003
   6.6643721556332138E-003
   6.8865948107077720E-003
   7.1125410902840511E-003
   7.3421952717904705E-003
   7.5755414868647845E-003
   7.8125637837750395E-003
   8.0532461878388816E-003
   8.2975727597322333E-003
   8.5455276515514923E-003
   8.7970951604388840E-003
   9.0522597794653083E-003
   9.3110062452339184E-003
   9.5733195812812994E-003
   9.8391851367580219E-003
   1.0108588624878446E-002
   1.0381516171441700E-002
   1.0657954372810592E-002
   1.0937890346892902E-002
   1.1221311768392318E-002
   1.1508206894586077E-002
   1.1798564588224128E-002
   1.2092374339647051E-002
   1.2389626288106692E-002
   1.2690311241829108E-002
   1.2994420696415489E-002
   1.3301946851308170E-002
   1.3612882624154452E-002
   1.3927221662976341E-002
   1.4244958356102845E-002
   1.4566087839854254E-002
   1.4890606003989464E-002
   1.5218509494942748E-002
   1.5549795716885001E-002
   1.5884462830653229E-002
   1.6222509750595700E-002
   1.6563936139386368E-002
   1.6908742400863156E-002
   1.7256929670949391E-002
   1.7608499806719441E-002
   1.7963455373671635E-002
   1.8321799631274914E-002
   1.8683536516855358E-002
   1.9048670627894424E-002
   1.9417207202798548E-002
   1.9789152100236861E-002
   2.0164511777093656E-002
   2.0543293265137517E-002
   2.0925504146462163E-002
   2.1311152527776718E-002
   2.1700247013630949E-002
   2.2092796678652698E-002
   2.2488811038876205E-002
   2.2888300022241022E-002
   2.3291273938339484E-002
   2.3697743447493390E-002
   2.4107719529238198E-002
   2.4521213450293573E-002
   2.4938236732099932E-002
   2.5358801117996144E-002
   2.5782918540119364E-002
   2.6210601086099249E-002
   2.6641860965624195E-002
   2.7076710476952658E-002
   2.7515161973443215E-002
