   7.8581987229204248E-006
   7.8530016303952876E-006
   7.8481969571214073E-006
   7.8437821558417313E-006
   7.8397564605863492E-006
   7.8361191345636127E-006
   7.8328696000626303E-006
   7.8300091146120120E-006
   7.8275438030387693E-006
   7.8254889606485211E-006
   7.8238743223675077E-006
   7.8227500122439805E-006
   7.8221928783007340E-006
   7.8223129294121335E-006
   7.8232596231323132E-006
   7.8252278016178915E-006
   7.8284631333418664E-006
   7.8332669906379902E-006
   7.8400007826749565E-006
   7.8490898880080160E-006
   7.8610275373117471E-006
   7.8763794105515304E-006
   7.8957906965279497E-006
   7.9200000871129870E-006
   7.9498737516555290E-006
   7.9864976786188676E-006
   8.0313492847039226E-006
   8.0861532481765475E-006
   8.1524488567171102E-006
   8.2317001148022542E-006
   8.3254262563698928E-006
   8.4352140135792359E-006
   8.5627141264481787E-006
   8.7096365371390069E-006
   8.8777450795853145E-006
   9.0688518973301582E-006
   9.2848117569802970E-006
   9.5275164008077103E-006
   9.7988890733527062E-006
   1.0100879355754234E-005
   1.0435458453456892E-005
   1.0804615070389691E-005
   1.1210351981068154E-005
   1.1654683595493858E-005
   1.2139634613125713E-005
   1.2667240008935392E-005
   1.3239546621703547E-005
   1.3858616660618319E-005
   1.4526533516201894E-005
   1.5245410354807228E-005
   1.6017402100338248E-005
   1.6844721573191785E-005
   1.7729660779209001E-005
   1.8674618640121929E-005
   1.9682136857354018E-005
   2.0754946136277558E-005
   2.1896025708778739E-005
   2.3108680022819837E-005
   2.4396637654761890E-005
   2.5764178937652614E-005
   2.7216300357314322E-005
   2.8758925010412842E-005
   3.0399168199521360E-005
   3.2145662895492565E-005
   3.4008935655688870E-005
   3.6001788773316319E-005
   3.8139571543484715E-005
   4.0440095417856016E-005
   4.2922782197728280E-005
   4.5606570451808881E-005
   4.8506482666060344E-005
   5.1629864336847236E-005
   5.4974526647638814E-005
   5.8530577611887164E-005
   6.2285073860596530E-005
   6.6226492469790939E-005
   7.0346849373655103E-005
   7.4641579219974087E-005
   7.9108457451651431E-005
   8.3746569198429147E-005
   8.8555658858651334E-005
   9.3535800559193689E-005
   9.8687245906289362E-005
   1.0401035056441067E-004
   1.0950553358772243E-004
   1.1517325169282335E-004
   1.2101398170402696E-004
   1.2702820817395120E-004
   1.3321641456061090E-004
   1.3957907696339345E-004
   1.4611665975737789E-004
   1.5282961266852653E-004
   1.5971836896199642E-004
   1.6678334450216859E-004
   1.7402493750235453E-004
   1.8144352882406404E-004
   1.8903948271601980E-004
   1.9681314790548742E-004
   2.0476485897126886E-004
   2.1289493794055848E-004
   2.2120369606181561E-004
   2.2969143571363270E-004
   2.3835845241582034E-004
   2.4720503691397124E-004
   2.5623147731284956E-004
   2.6543806123736560E-004
   2.7482507800270979E-004
   2.8439282077758409E-004
   2.9414158872650189E-004
   3.0407168911887009E-004
   3.1418343939405505E-004
   3.2447716917291276E-004
   3.3495322220747966E-004
   3.4561195826146595E-004
   3.5645375491514842E-004
   3.6747900928904640E-004
   3.7868813968150743E-004
   3.9008158711600763E-004
   4.0165981679454439E-004
   4.1342331945410304E-004
   4.2537261262363285E-004
   4.3750824177951104E-004
   4.4983078139784830E-004
   4.6234083590244307E-004
   4.7503904050752427E-004
   4.8792606195484204E-004
   5.0100259914493967E-004
   5.1426938372810466E-004
   5.2772718235230304E-004
   5.4137679124319324E-004
   5.5521904342225486E-004
   5.6925480248380623E-004
   5.8348496772494336E-004
   5.9791047210000872E-004
   6.1253228203479769E-004
   6.2735139714558926E-004
   6.4236884986522272E-004
   6.5758570497869459E-004
   6.7300305907081620E-004
   6.8862203988871078E-004
   7.0444380562200955E-004
   7.2046954410370930E-004
   7.3670047193483807E-004
   7.5313783353610111E-004
   7.6978290012986008E-004
   7.8663696865578379E-004
   8.0370136062368638E-004
   8.2097742090707392E-004
   8.3846651648100700E-004
   8.5617003510793496E-004
