   7.8635288435455382E-006
   7.8632633136900379E-006
   7.8630017045718872E-006
   7.8627472663385619E-006
   7.8625049938700311E-006
   7.8622814457682331E-006
   7.8620844421728622E-006
   7.8619227189609882E-006
   7.8618055849641909E-006
   7.8617426084810233E-006
   7.8617433466572348E-006
   7.8618171243884549E-006
   7.8619728593178713E-006
   7.8622189296041296E-006
   7.8625630827305316E-006
   7.8630123809914711E-006
   7.8635731791349372E-006
   7.8642511299418891E-006
   7.8650512139305574E-006
   7.8659777897995961E-006
   7.8670346626180579E-006
   7.8682251671119471E-006
   7.8695522636761340E-006
   7.8710186449626826E-006
   7.8726268510667732E-006
   7.8743793914616514E-006
   7.8762788719329708E-006
   7.8783281248408627E-006
   7.8805303411052744E-006
   7.8828892023709013E-006
   7.8854090118721616E-006
   7.8880948225892384E-006
   7.8909525613708451E-006
   7.8939891478054443E-006
   7.8972126067680104E-006
   7.9006321738001216E-006
   7.9042583929441170E-006
   7.9081032079856126E-006
   7.9121800545302707E-006
   7.9165040135768764E-006
   7.9210921067241634E-006
   7.9259632849922705E-006
   7.9311382984463415E-006
   7.9366397037993146E-006
   7.9424918748916434E-006
   7.9487210001067987E-006
   7.9553550669541381E-006
   7.9624238342238200E-006
   7.9699587922096309E-006
   7.9779931115819792E-006
   7.9865615815734102E-006
   7.9957005382109794E-006
   8.0054477833917212E-006
   8.0158424956506976E-006
   8.0269251335122345E-006
   8.0387373323471303E-006
   8.0513217956784758E-006
   8.0647221818902485E-006
   8.0789829872930762E-006
   8.0941494264936081E-006
   8.1102673109971343E-006
   8.1273829269488611E-006
   8.1455429128881581E-006
   8.1647941383530407E-006
   8.1851835841308960E-006
   8.2067582249048785E-006
   8.2295649149977527E-006
   8.2536502778635698E-006
   8.2790605999258392E-006
   8.3058417293115203E-006
   8.3340389799747251E-006
   8.3636970416622805E-006
   8.3948598961228919E-006
   8.4275707399244469E-006
   8.4618719142088265E-006
   8.4978048416883653E-006
   8.5354099711724977E-006
   8.5747267299123215E-006
   8.6157934840670751E-006
   8.6586475076388789E-006
   8.7033249602961067E-006
   8.7498608746282029E-006
   8.7982891535616761E-006
   8.8486425789525779E-006
   8.9009528327988622E-006
   8.9552505331649602E-006
   9.0115652879032931E-006
   9.0699257708030731E-006
   9.1303598272537312E-006
   9.1928946205214632E-006
   9.2575568364732134E-006
   9.3243729762684724E-006
   9.3933697875055223E-006
   9.4645749231543918E-006
   9.5380179911688481E-006
   9.6137322949161504E-006
   9.6917577846873294E-006
   9.7721458338001587E-006
   9.8549649578386714E-006
   9.9403004446176520E-006
   1.0028238260139980E-005
   1.0118843545535262E-005
   1.0212155777404710E-005
   1.0308199094139804E-005
   1.0406991642797147E-005
   1.0508549460530606E-005
   1.0612887617475122E-005
   1.0720020525498612E-005
   1.0829962046700430E-005
   1.0942725561185743E-005
   1.1058324027631793E-005
   1.1176770042481356E-005
   1.1298075898445139E-005
   1.1422253642202890E-005
   1.1549315131115492E-005
   1.1679272088775624E-005
   1.1812136159246141E-005
   1.1947918959853227E-005
   1.2086632132416923E-005
   1.2228287392815069E-005
   1.2372896578787081E-005
   1.2520471695895158E-005
   1.2671024961569722E-005
   1.2824568847174100E-005
   1.2981116118032155E-005
   1.3140679871370437E-005
   1.3303273572133308E-005
   1.3468911086638420E-005
   1.3637606717554940E-005
   1.3809375229989332E-005
   1.3984231877840944E-005
   1.4162192426944046E-005
   1.4343273176160207E-005
   1.4527490981427671E-005
   1.4714863273873019E-005
   1.4905408075690630E-005
   1.5099144013840316E-005
   1.5296090331586172E-005
   1.5496266897904106E-005
   1.5699694214791399E-005
   1.5906393422515912E-005
   1.6116386302845882E-005
   1.6329695280305903E-005
   1.6546343421508493E-005
   1.6766354432614773E-005
   1.6989752654979665E-005
   1.7216563059042258E-005
   1.7446811236523289E-005
   1.7680523390996589E-005
   1.7917726326902158E-005
