   7.6359344081903119E-002
   7.5851911824421150E-002
   7.5288264931396190E-002
   7.4678019029421797E-002
   7.4029291368665998E-002
   7.3348953296086997E-002
   7.2642836921284579E-002
   7.1915906029611260E-002
   7.1172397819313685E-002
   7.0415940905186020E-002
   6.9649663135142731E-002
   6.8876259179422014E-002
   6.8098052528577604E-002
   6.7317059770859125E-002
   6.6535036897000299E-002
   6.5753517638489412E-002
   6.4973845295322449E-002
   6.4197199185080614E-002
   6.3424616655818500E-002
   6.2657011445855032E-002
   6.1895189039518905E-002
   6.1139859555537052E-002
   6.0391648610790702E-002
   5.9651106523827879E-002
   5.8918716157348776E-002
   5.8194899644838198E-002
   5.7480024201780625E-002
   5.6774407184951504E-002
   5.6078320532838309E-002
   5.5391994695209168E-002
   5.4715622139321879E-002
   5.4049360503439031E-002
   5.3393335454618079E-002
   5.2747643296547284E-002
   5.2112353364177237E-002
   5.1487510234594906E-002
   5.0873135777826192E-002
   5.0269231067022337E-002
   4.9675778166611916E-002
   4.9092741838857132E-002
   4.8520071191163770E-002
   4.7957701027756650E-002
   4.7405553122770235E-002
   4.6863537527267039E-002
   4.6331553797758759E-002
   4.5809492141208580E-002
   4.5297234482088541E-002
   4.4794655456204750E-002
   4.4301623335340240E-002
   4.3818000886330463E-002
   4.3343646167856666E-002
   4.2878413268035612E-002
   4.2422152985736990E-002
   4.1974713458451510E-002
   4.1535940739451611E-002
   4.1105679326926867E-002
   4.0683772647725047E-002
   4.0270063498259304E-002
   3.9864394445104125E-002
   3.9466608187727598E-002
   3.9076547885750317E-002
   3.8694057453039922E-002
   3.8318981820886756E-002
   3.7951167172408790E-002
   3.7590461150259831E-002
   3.7236713039618556E-002
   3.6889773928346123E-002
   3.6549496846051355E-002
   3.6215736884093068E-002
   3.5888351297330881E-002
   3.5567199590135344E-002
   3.5252143587420105E-002
   3.4943047492206503E-002
   3.4639777930992925E-002
   3.4342203988059705E-002
   3.4050197229802084E-002
   3.3763631720088033E-002
   3.3482384027567862E-002
   3.3206333225798280E-002
   3.2935360886966566E-002
   3.2669351069946277E-002
   3.2408190303349793E-002
   3.2151767564193204E-002
   3.1899974252730688E-002
   3.1652704163973783E-002
   3.1409853456356183E-002
   3.1171320617972141E-002
   3.0937006430770922E-002
   3.0706813933054442E-002
   3.0480648380594163E-002
   3.0258417206649013E-002
   3.0040029981140279E-002
   2.9825398369214148E-002
   2.9614436089396432E-002
   2.9407058871527864E-002
   2.9203184414650793E-002
   2.9002732345008223E-002
   2.8805624174313465E-002
   2.8611783258446464E-002
   2.8421134756684622E-002
   2.8233605591366590E-002
   2.8049124407650641E-002
   2.7867621533203903E-002
   2.7689028938218303E-002
   2.7513280196314605E-002
   2.7340310446577223E-002
   2.7170056356679906E-002
   2.7002456086988799E-002
   2.6837449255553685E-002
   2.6674976903930933E-002
   2.6514981463812180E-002
   2.6357406724440827E-002
   2.6202197800812906E-002
   2.6049301102652044E-002
   2.5898664304158919E-002
   2.5750236314524989E-002
   2.5603967249204003E-002
   2.5459808401930944E-002
   2.5317712217475134E-002
   2.5177632265114096E-002
   2.5039523212812987E-002
   2.4903340802092333E-002
   2.4769041823566089E-002
   2.4636584093131710E-002
   2.4505926428793536E-002
   2.4377028628099227E-002
   2.4249851446170308E-002
   2.4124356574306366E-002
   2.4000506619143238E-002
   2.3878265082346771E-002
   2.3757596340820839E-002
   2.3638465627412258E-002
   2.3520839012093127E-002
   2.3404683383602368E-002
   2.3289966431529405E-002
   2.3176656628822335E-002
   2.3064723214704125E-002
   2.2954136177980637E-002
   2.2844866240724963E-002
   2.2736884842324542E-002
   2.2630164123874339E-002
   2.2524676912905273E-002
   2.2420396708432884E-002
   2.2317297666315693E-002
   2.2215354584910887E-002
   2.2114542891015422E-002
   2.2014838626084440E-002
   2.1916218432714712E-002
   2.1818659541387116E-002
   2.1722139757455187E-002
