   7.6836503304649292E-002
   7.6934968774153817E-002
   7.7080366116120250E-002
   7.7261765363743767E-002
   7.7470539396873414E-002
   7.7699718831750392E-002
   7.7943751688221083E-002
   7.8198303090744839E-002
   7.8459851189653831E-002
   7.8725564067782527E-002
   7.8993161553272295E-002
   7.9260806145368637E-002
   7.9527016468361647E-002
   7.9790598294729717E-002
   8.0050589377758635E-002
   8.0306215209935763E-002
   8.0556853472043818E-002
   8.0802005424804188E-002
   8.1041272865152683E-002
   8.1274339554242028E-002
   8.1500956246231007E-002
   8.1720928622298891E-002
   8.1934107576200038E-002
   8.2140381420719985E-002
   8.2339669716163619E-002
   8.2531918617743047E-002
   8.2717097474754031E-002
   8.2895193990870003E-002
   8.3066209034633021E-002
   8.3230155955007074E-002
   8.3387059832571594E-002
   8.3536956064146281E-002
   8.3679889098835003E-002
   8.3815911382279437E-002
   8.3945082470051266E-002
   8.4067468275401291E-002
   8.4183140423287492E-002
   8.4292175688295654E-002
   8.4394655498784915E-002
   8.4490665493408640E-002
   8.4580295119268151E-002
   8.4663637263319394E-002
   8.4740787910499174E-002
   8.4811845824329810E-002
   8.4876912245872155E-002
   8.4936090608489972E-002
   8.4989486266518158E-002
   8.5037206236455221E-002
   8.5079358949695635E-002
   8.5116054016139503E-002
   8.5147401998226777E-002
   8.5173514195095668E-002
   8.5194502436681571E-002
   8.5210478887602942E-002
   8.5221555860754555E-002
   8.5227845640507394E-002
   8.5229460315430078E-002
   8.5226511620426701E-002
   8.5219110788180397E-002
   8.5207368409750142E-002
   8.5191394304166404E-002
   8.5171297396843759E-002
   8.5147185606611844E-002
   8.5119165741150984E-002
   8.5087343400598731E-002
   8.5051822889081974E-002
   8.5012707133893847E-002
   8.4970097612060910E-002
   8.4924094283191670E-002
   8.4874795529550878E-002
   8.4822298100096380E-002
   8.4766697059249288E-002
   8.4708085738973579E-002
   8.4646555694705181E-002
   8.4582196666623019E-002
   8.4515096547885374E-002
   8.4445341360343762E-002
   8.4373015236887769E-002
   8.4298200408901777E-002
   8.4220977197495620E-002
   8.4141424007709950E-002
   8.4059617325338704E-002
   8.3975631716265084E-002
   8.3889539828271409E-002
   8.3801412395287461E-002
   8.3711318244013205E-002
   8.3619324302838249E-002
   8.3525495612935971E-002
   8.3429895341445612E-002
   8.3332584796607101E-002
   8.3233623444740779E-002
   8.3133068928954543E-002
   8.3030977089472116E-002
   8.2927401985467511E-002
   8.2822395918312960E-002
   8.2716009456141867E-002
   8.2608291459632263E-002
   8.2499289108931326E-002
   8.2389047931634304E-002
   8.2277611831749170E-002
   8.2165023119557437E-002
   8.2051322542330635E-002
   8.1936549315808876E-002
   8.1820741156396620E-002
   8.1703934314012516E-002
   8.1586163605535611E-002
   8.1467462448795797E-002
   8.1347862897051620E-002
   8.1227395673912781E-002
   8.1106090208656917E-002
   8.0983974671883743E-002
   8.0861076011481181E-002
   8.0737419988834533E-002
   8.0613031215256620E-002
   8.0487933188583605E-002
   8.0362148329900324E-002
   8.0235698020351756E-002
   8.0108602638000487E-002
   7.9980881594694173E-002
   7.9852553372898913E-002
   7.9723635562463174E-002
   7.9594144897272429E-002
   7.9464097291759059E-002
   7.9333507877230633E-002
   7.9202391037973982E-002
   7.9070760447108604E-002
   7.8938629102147384E-002
   7.8806009360229454E-002
   7.8672912972995224E-002
   7.8539351121062903E-002
   7.8405334448081149E-002
   7.8270873094316670E-002
   7.8135976729752837E-002
   7.8000654586661847E-002
   7.7864915491623041E-002
   7.7728767896960940E-002
   7.7592219911566923E-002
   7.7455279331080498E-002
   7.7317953667406805E-002
   7.7180250177540627E-002
   7.7042175891670853E-002
   7.6903737640550723E-002
   7.6764942082099483E-002
   7.6625795727227428E-002
   7.6486304964853105E-002
   7.6346476086104037E-002
   7.6206315307679323E-002
   7.6065828794359511E-002
   7.5925022680650087E-002
   7.5783903091548407E-002
