   7.6799992104329834E-002
   7.6806331533270836E-002
   7.6821245500207927E-002
   7.6846722691425229E-002
   7.6883817257660414E-002
   7.6932934405045811E-002
   7.6994035131517868E-002
   7.7066782956243349E-002
   7.7150648921165341E-002
   7.7244986833548565E-002
   7.7349097439059628E-002
   7.7462250552841463E-002
   7.7583705406706782E-002
   7.7712737583425104E-002
   7.7848650433139668E-002
   7.7990782092534350E-002
   7.8138509437952600E-002
   7.8291249866248872E-002
   7.8448461559056659E-002
   7.8609642711072902E-002
   7.8774330073698967E-002
   7.8942097069684053E-002
   7.9112551663405875E-002
   7.9285334118679177E-002
   7.9460114736815607E-002
   7.9636591638614238E-002
   7.9814488632474659E-002
   7.9993553195052594E-002
   8.0173554579341902E-002
   8.0354282056723250E-002
   8.0535543293581216E-002
   8.0717162858814806E-002
   8.0898980855456340E-002
   8.1080851666910619E-002
   8.1262642804697804E-002
   8.1444233836017663E-002
   8.1625515338460228E-002
   8.1806387663843530E-002
   8.1986757651737921E-002
   8.2166526267126810E-002
   8.2345620426888380E-002
   8.2523983969869805E-002
   8.2701560726747003E-002
   8.2878300428784135E-002
   8.3054158509008685E-002
   8.3229095758759405E-002
   8.3403077989561494E-002
   8.3576075704394279E-002
   8.3748063780719917E-002
   8.3919021166651647E-002
   8.4088930590914046E-002
   8.4257778286831050E-002
   8.4425553730239994E-002
   8.4592249391083951E-002
   8.4757860498300433E-002
   8.4922384817572971E-002
   8.5085822441498343E-002
   8.5248175591690331E-002
   8.5409448432372567E-002
   8.5569646895000698E-002
   8.5728778513481790E-002
   8.5886852269570116E-002
   8.6043878448020514E-002
   8.6199868501106849E-002
   8.6354834922112281E-002
   8.6508791127407531E-002
   8.6661751346748556E-002
   8.6813730521428850E-002
   8.6964744209881290E-002
   8.7114808500438359E-002
   8.7263939930885506E-002
   8.7412155414402753E-002
   8.7559472171609073E-002
   8.7705907668357341E-002
   8.7851479558957779E-002
   8.7996205634504499E-002
   8.8140103775994849E-002
   8.8283191911932790E-002
   8.8425487980135789E-002
   8.8567009893437160E-002
   8.8707775509039841E-002
   8.8847802601231471E-002
   8.8987108837224715E-002
   8.9125711755881340E-002
   8.9263628749094007E-002
   8.9400877045614488E-002
   8.9537473697139491E-002
   8.9673435566476806E-002
   8.9808779317644430E-002
   8.9943521407795116E-002
   9.0077678080908927E-002
   9.0211265363273979E-002
   9.0344299060944544E-002
   9.0476794759636450E-002
   9.0608767828037312E-002
   9.0740233426514313E-002
   9.0871206524685236E-002
   9.1001701931075624E-002
   9.1131734322181870E-002
   9.1261318201659239E-002
   9.1390467717586896E-002
   9.1519196486233648E-002
   9.1647517648254087E-002
   9.1775444065934048E-002
   9.1902988439459515E-002
   9.2030163323228609E-002
   9.2156981107287608E-002
   9.2283453996871545E-002
   9.2409593997651807E-002
   9.2535412906402215E-002
   9.2660922305502019E-002
   9.2786133559934605E-002
   9.2911057815863146E-002
   9.3035706000166543E-002
   9.3160088820544898E-002
   9.3284216765950181E-002
   9.3408100107175943E-002
   9.3531748897515851E-002
   9.3655172973428694E-002
   9.3778381955178319E-002
   9.3901385247426097E-002
   9.4024192039778007E-002
   9.4146811307281073E-002
   9.4269251810873783E-002
   9.4391522097802022E-002
   9.4513630502002968E-002
   9.4635585144476633E-002
   9.4757393933647821E-002
   9.4879064565781907E-002
   9.5000604525297988E-002
   9.5122021085212241E-002
   9.5243321307533019E-002
   9.5364512043775579E-002
   9.5485599935591484E-002
   9.5606591415388104E-002
   9.5727492707034290E-002
   9.5848309826655709E-002
   9.5969048583527478E-002
   9.6089714581076902E-002
   9.6210313217989646E-002
   9.6330849689439224E-002
   9.6451328988438334E-002
   9.6571755907313331E-002
   9.6692135039317617E-002
   9.6812470780364479E-002
   9.6932767330915034E-002
   9.7053028697991137E-002
   9.7173258697332510E-002
   9.7293460955691149E-002
   9.7413638913270706E-002
