   7.6798931632814482E-002
   7.6799229997444471E-002
   7.6800318766919354E-002
   7.6802840864098179E-002
   7.6807462648381272E-002
   7.6814813922225902E-002
   7.6825456871896083E-002
   7.6839870803801960E-002
   7.6858447196224824E-002
   7.6881492662299170E-002
   7.6909235669640752E-002
   7.6941835058534011E-002
   7.6979389150131375E-002
   7.7021944706496481E-002
   7.7069505317460277E-002
   7.7122038995076858E-002
   7.7179484888856759E-002
   7.7241759117285994E-002
   7.7308759759645448E-002
   7.7380371078419982E-002
   7.7456467054854261E-002
   7.7536914324346062E-002
   7.7621574599309726E-002
   7.7710306671342017E-002
   7.7802968108068263E-002
   7.7899416847557926E-002
   7.7999512908434501E-002
   7.8103118615474601E-002
   7.8210096388455955E-002
   7.8320309841553096E-002
   7.8433625507608559E-002
   7.8549913252841094E-002
   7.8669046404264587E-002
   7.8790901815606385E-002
   7.8915359894110623E-002
   7.9042304598232846E-002
   7.9171623413675826E-002
   7.9303207313498630E-002
   7.9436950706760170E-002
   7.9572751379143061E-002
   7.9710510428191106E-002
   7.9850132195200985E-002
   7.9991524194938435E-002
   8.0134597044731012E-002
   8.0279264393440075E-002
   8.0425442850702786E-002
   8.0573051916846383E-002
   8.0722013913642754E-002
   8.0872253915961187E-002
   8.1023699684328293E-002
   8.1176281598343142E-002
   8.1329932590883947E-002
   8.1484588083020643E-002
   8.1640185919556643E-002
   8.1796666305111468E-002
   8.1953971740682446E-002
   8.2112046960601412E-002
   8.2270838869827501E-002
   8.2430296481499021E-002
   8.2590370854652262E-002
   8.2751015032005090E-002
   8.2912183977648227E-002
   8.3073834514463818E-002
   8.3235925261020874E-002
   8.3398416567695435E-002
   8.3561270451798786E-002
   8.3724450531757283E-002
   8.3887921961098719E-002
   8.4051651364568464E-002
   8.4215606781658361E-002
   8.4379757627166929E-002
   8.4544074681899450E-002
   8.4708530122553818E-002
   8.4873097579909684E-002
   8.5037752184265306E-002
   8.5202470548179393E-002
   8.5367230673508432E-002
   8.5532011820914036E-002
   8.5696794392511960E-002
   8.5861559851332259E-002
   8.6026290672630470E-002
   8.6190970312417486E-002
   8.6355583182209456E-002
   8.6520114625011579E-002
   8.6684550891207982E-002
   8.6848879114332603E-002
   8.7013087286916813E-002
   8.7177164236598756E-002
   8.7341099602585640E-002
   8.7504883812560649E-002
   8.7668508060060019E-002
   8.7831964282359398E-002
   8.7995245138876715E-002
   8.8158343990087040E-002
   8.8321254876936373E-002
   8.8483972500747299E-002
   8.8646492203580396E-002
   8.8808809949038087E-002
   8.8970922303480707E-002
   8.9132826417626820E-002
   8.9294520008514469E-002
   8.9456001341787383E-002
   8.9617269214299425E-002
   8.9778322936987481E-002
   8.9939162318015464E-002
   9.0099787646146068E-002
   9.0260199674340694E-002
   9.0420399603551652E-002
   9.0580389066703404E-002
   9.0740170112844659E-002
   9.0899745191453898E-002
   9.1059117136898737E-002
   9.1218289153027418E-002
   9.1377264797894445E-002
   9.1536047968610576E-002
   9.1694642886312835E-002
   9.1853054081252203E-002
   9.2011286377996646E-002
   9.2169344880751750E-002
   9.2327234958794954E-002
   9.2484962232031093E-002
   9.2642532556662729E-002
   9.2799952010994821E-002
   9.2957226881358310E-002
   9.3114363648176199E-002
   9.3271368972165702E-002
   9.3428249680691508E-002
   9.3585012754270058E-002
   9.3741665313234787E-002
   9.3898214604577784E-002
   9.4054667988962712E-002
   9.4211032927906141E-002
   9.4367316971217585E-002
   9.4523527744612520E-002
   9.4679672937460241E-002
   9.4835760290880852E-002
   9.4991797586012686E-002
   9.5147792632497452E-002
   9.5303753257250365E-002
   9.5459687293474579E-002
   9.5615602569946043E-002
   9.5771506900570721E-002
   9.5927408074222023E-002
   9.6083313844869983E-002
   9.6239231922000040E-002
   9.6395169961344646E-002
   9.6551135555911036E-002
   9.6707136227334706E-002
   9.6863179417546144E-002
   9.7019272480763044E-002
