   7.6798906291933269E-002
   7.6798917495959032E-002
   7.6798980635617409E-002
   7.6799180869421349E-002
   7.6799649178591181E-002
   7.6800557897103536E-002
   7.6802113069995362E-002
   7.6804545643598607E-002
   7.6808102694867694E-002
   7.6813039380049811E-002
   7.6819611951534333E-002
   7.6828072008708309E-002
   7.6838661882671896E-002
   7.6851611053016772E-002
   7.6867133533272680E-002
   7.6885426091519618E-002
   7.6906667168193693E-002
   7.6931016362093874E-002
   7.6958614368727113E-002
   7.6989583269918782E-002
   7.7024027088494387E-002
   7.7062032535972158E-002
   7.7103669893996973E-002
   7.7148993981603450E-002
   7.7198045170190938E-002
   7.7250850416434480E-002
   7.7307424290325610E-002
   7.7367769981305498E-002
   7.7431880270170908E-002
   7.7499738458204487E-002
   7.7571319248026502E-002
   7.7646589573012070E-002
   7.7725509373967702E-002
   7.7808032323157889E-002
   7.7894106496826210E-002
   7.7983674998179028E-002
   7.8076676533544651E-002
   7.8173045945678046E-002
   7.8272714713600242E-002
   7.8375611474016199E-002
   7.8481662599336824E-002
   7.8590792391854472E-002
   7.8702923243178777E-002
   7.8817975973336868E-002
   7.8935870153066426E-002
   7.9056524393863042E-002
   7.9179856610038485E-002
   7.9305784256320760E-002
   7.9434224543907639E-002
   7.9565094637366288E-002
   7.9698311834402971E-002
   7.9833793730194377E-002
   7.9971458367719586E-002
   8.0111224375341225E-002
   8.0253011092684859E-002
   8.0396738685761193E-002
   8.0542328252128495E-002
   8.0689701916815709E-002
   8.0838782919638183E-002
   8.0989495694469685E-002
   8.1141765940980562E-002
   8.1295520689305220E-002
   8.1450688358051609E-002
   8.1607198806044598E-002
   8.1764983378160849E-002
   8.1923974945582623E-002
   8.2084107940787132E-002
   8.2245318387560787E-002
   8.2407543926322546E-002
   8.2570723835014292E-002
   8.2734799045814877E-002
   8.2899712157924590E-002
   8.3065407446640399E-002
   8.3231830868961160E-002
   8.3398930065926080E-002
   8.3566654361902123E-002
   8.3734954761018845E-002
   8.3903783940943652E-002
   8.4073096244183285E-002
   8.4242847667095958E-002
   8.4412995846782121E-002
   8.4583500046027021E-002
   8.4754321136452815E-002
   8.4925421580039157E-002
   8.5096765409162445E-002
   8.5268318205307003E-002
   8.5440047076593473E-002
   8.5611920634280719E-002
   8.5783908968395398E-002
   8.5955983622678325E-002
   8.6128117569065646E-002
   8.6300285181994146E-002
   8.6472462212980425E-002
   8.6644625766172531E-002
   8.6816754276148100E-002
   8.6988827490212972E-002
   8.7160826459100393E-002
   8.7332733540055218E-002
   8.7504532401600790E-002
   8.7676207963719319E-002
   8.7847746195164972E-002
   8.8019133893578516E-002
   8.8190358672371030E-002
   8.8361409098399041E-002
   8.8532274777966144E-002
   8.8702946357354082E-002
   8.8873415487971230E-002
   8.9043674784940463E-002
   8.9213717787337582E-002
   8.9383538921236641E-002
   8.9553133465157919E-002
   8.9722497517339558E-002
   8.9891627964416659E-002
   9.0060522451175198E-002
   9.0229179351175900E-002
   9.0397597738087435E-002
   9.0565777357632854E-002
   9.0733718600070665E-002
   9.0901422473158980E-002
   9.1068890575573477E-002
   9.1236125070749741E-002
   9.1403128661139990E-002
   9.1569904562864013E-002
   9.1736456480763645E-002
   9.1902788583839268E-002
   9.2068905481081209E-002
   9.2234812197686367E-002
   9.2400514151669416E-002
   9.2566017130906064E-002
   9.2731327270471467E-002
   9.2896451030449190E-002
   9.3061395174076231E-002
   9.3226166746347303E-002
   9.3390773053084256E-002
   9.3555221640352196E-002
   9.3719520274289744E-002
   9.3883676921366746E-002
   9.4047699729065501E-002
   9.4211597006993691E-002
   9.4375377208433198E-002
   9.4539048912326784E-002
   9.4702620805707224E-002
   9.4866101666576164E-002
   9.5029500347235715E-002
   9.5192825758072100E-002
   9.5356086851804023E-002
   9.5519292608189615E-002
   9.5682452019203668E-002
   9.5845574074684331E-002
   9.6008667748454582E-002
