   1.0459371425787455E-005
   2.0598054514877718E-005
   3.0421710167699836E-005
   3.9940676843755692E-005
   4.9165146579010066E-005
   5.8105031903315900E-005
   6.6769893289806041E-005
   7.5168887542754808E-005
   8.3310755940995903E-005
   9.1203827390953481E-005
   9.8856031795499600E-005
   1.0627492031402242E-004
   1.1346768954309697E-004
   1.2044120753422960E-004
   1.2720204020391266E-004
   1.3375647715270272E-004
   1.4011055624415475E-004
   1.4627008653623827E-004
   1.5224066933231797E-004
   1.5802771903917042E-004
   1.6363647291518026E-004
   1.6907201732227085E-004
   1.7433929335928120E-004
   1.7944311024465959E-004
   1.8438815513731739E-004
   1.8917900147675840E-004
   1.9382011600730127E-004
   1.9831586461480430E-004
   2.0267051696096645E-004
   2.0688825010875157E-004
   2.1097315145244042E-004
   2.1492922101280622E-004
   2.1876037316330646E-004
   2.2247043788499687E-004
   2.2606316164314920E-004
   2.2954220796944080E-004
   2.3291115782425446E-004
   2.3617350980469640E-004
   2.3933268025529836E-004
   2.4239200333018063E-004
   2.4535473104785711E-004
   2.4822403337272691E-004
   2.5100299835083099E-004
   2.5369463232153275E-004
   2.5630186022152629E-004
   2.5882752599283262E-004
   2.6127439310236769E-004
   2.6364514517706857E-004
   2.6594238675553279E-004
   2.6816864415459728E-004
   2.7032636644714920E-004
   2.7241792654579365E-004
   2.7444562238567322E-004
   2.7641167819876522E-004
   2.7831824587126915E-004
   2.8016740637525170E-004
   2.8196117126551615E-004
   2.8370148423258705E-004
   2.8539022270283702E-004
   2.8702919947700675E-004
   2.8862016439869524E-004
   2.9016480604482668E-004
   2.9166475343053299E-004
   2.9312157772145279E-004
   2.9453679394689513E-004
   2.9591186270796067E-004
   2.9724819187511986E-004
   2.9854713816998460E-004
   2.9981000933065817E-004
   3.0103806474487461E-004
   3.0223251806788751E-004
   3.0339453830166747E-004
   3.0452525144520265E-004
   3.0562574200963539E-004
   3.0669705449700905E-004
   3.0774019484116645E-004
   3.0875613180972246E-004
   3.0974579836643557E-004
   3.1071009299359721E-004
   3.1164988097431124E-004
   3.1256599563463734E-004
   3.1345923954570406E-004
   3.1433038568599170E-004
   3.1518017856412771E-004
   3.1600933530264873E-004
   3.1681854668331918E-004
   3.1760847815467188E-004
   3.1837977080257301E-004
   3.1913304228460793E-004
   3.1986888772922445E-004
   3.2058788060053200E-004
   3.2129057352975294E-004
   3.2197749911431323E-004
   3.2264917068557423E-004
   3.2330608304622147E-004
   3.2394871317834343E-004
   3.2457752092319764E-004
   3.2519294963369115E-004
   3.2579542680056601E-004
   3.2638536465326673E-004
   3.2696316073648233E-004
   3.2752919846327767E-004
   3.2808384764577904E-004
   3.2862746500428183E-004
   3.2916039465569257E-004
   3.2968296858214638E-004
   3.3019550708063083E-004
   3.3069831919442511E-004
   3.3119170312712873E-004
   3.3167594663547798E-004
   3.3215132742308277E-004
   3.3261811349729790E-004
   3.3307656352086617E-004
   3.3352692715123703E-004
   3.3396944536498137E-004
   3.3440435076951652E-004
   3.3483186790267795E-004
   3.3525221352070889E-004
   3.3566559687516493E-004
   3.3607221997926102E-004
   3.3647227786409782E-004
   3.3686595882525595E-004
   3.3725344466016159E-004
   3.3763491089665418E-004
   3.3801052701314002E-004
   3.3838045665069420E-004
   3.3874485781748917E-004
   3.3910388308585802E-004
   3.3945767978233132E-004
   3.3980639017094010E-004
   3.4015015163007698E-004
   3.4048909682318605E-004
   3.4082335386353941E-004
   3.4115304647334700E-004
   3.4147829413742257E-004
   3.4179921225164188E-004
   3.4211591226637696E-004
   3.4242850182513140E-004
   3.4273708489853516E-004
   3.4304176191389405E-004
   3.4334262988044956E-004
   3.4363978251051008E-004
   3.4393331033661192E-004
   3.4422330082483163E-004
   3.4450983848439986E-004
   3.4479300497351111E-004
   3.4507287920285232E-004
   3.4534953743341494E-004
   3.4562305337346546E-004
   3.4589349827120306E-004
