   4.8569867790075482E-009
   1.1663653257197163E-008
   2.8282214380477340E-008
   5.7239008960946891E-008
   9.9560361566068015E-008
   1.6064237379119491E-007
   2.4419246597329407E-007
   3.4844788776555974E-007
   4.7430806905902544E-007
   6.2247547093176613E-007
   7.9349442755500183E-007
   9.8778423967340156E-007
   1.2056649424752565E-006
   1.4473771218738776E-006
   1.7130970596339019E-006
   2.0029482610140954E-006
   2.3170102015266089E-006
   2.6553249473462427E-006
   3.0179021577832175E-006
   3.4047228630330684E-006
   3.8157423203240620E-006
   4.2508921813828095E-006
   4.7100821494823518E-006
   5.1932012615624679E-006
   5.7001188966444258E-006
   6.2306855815407691E-006
   6.7847336287971478E-006
   7.3620776176590245E-006
   7.9625149276077631E-006
   8.5858264708549168E-006
   9.2317773122018557E-006
   9.9001171896447512E-006
   1.0590581034137248E-005
   1.1302889507293510E-005
   1.2036749560526096E-005
   1.2791855016716685E-005
   1.3567887174180869E-005
   1.4364515431754168E-005
   1.5181397933171158E-005
   1.6018182228464236E-005
   1.6874505949817230E-005
   1.7749997499136481E-005
   1.8644276744517944E-005
   1.9556955722825133E-005
   2.0487639345549927E-005
   2.1435926105264464E-005
   2.2401408780090284E-005
   2.3383675133735067E-005
   2.4382308608796373E-005
   2.5396889011193819E-005
   2.6426993183757483E-005
   2.7472195667166806E-005
   2.8532069346604363E-005
   2.9606186082650923E-005
   3.0694117325110044E-005
   3.1795434708603834E-005
   3.2909710628928748E-005
   3.4036518799300141E-005
   3.5175434785744267E-005
   3.6326036521023677E-005
   3.7487904796590395E-005
   3.8660623732174883E-005
   3.9843781222709811E-005
   4.1036969362383635E-005
   4.2239784845695982E-005
   4.3451829345463210E-005
   4.4672709867788414E-005
   4.5902039084155382E-005
   4.7139435640243786E-005
   4.8384524442996120E-005
   4.9636936924297251E-005
   5.0896311282991715E-005
   5.2162292823626918E-005
   5.3434533681929361E-005
   5.4712693711629448E-005
   5.5996440172062364E-005
   5.7285447985827502E-005
   5.8579399860921171E-005
   5.9877986394965507E-005
   6.1180906161336065E-005
   6.2487865777048089E-005
   6.3798579952572987E-005
   6.5112771524079117E-005
   6.6430171468797737E-005
   6.7750518904294743E-005
   6.9073561072412293E-005
   7.0399053308617938E-005
   7.1726758997452017E-005
   7.3056449514737106E-005
   7.4387904157185514E-005
   7.5720910060030115E-005
   7.7055262103284619E-005
   7.8390762807238937E-005
   7.9727222217784502E-005
   8.1064457782159451E-005
   8.2402294215701689E-005
   8.3740563360190537E-005
   8.5079104034352506E-005
   8.6417761877108747E-005
   8.7756389184121499E-005
   8.9094844738205422E-005
   9.0432993634156499E-005
   9.1770707098539386E-005
   9.3107862304973019E-005
   9.4444342185446013E-005
   9.5780035238172278E-005
   9.7114835332505714E-005
   9.8448641511403803E-005
   9.9781357791933992E-005
   1.0111289296429694E-004
   1.0244316038982964E-004
   1.0377207779844367E-004
   1.0509956708593426E-004
   1.0642555411159035E-004
   1.0774996849651557E-004
   1.0907274342305977E-004
   1.1039381543574788E-004
   1.1171312424407415E-004
   1.1303061252751828E-004
   1.1434622574312327E-004
   1.1565991193596493E-004
   1.1697162155281451E-004
   1.1828130725929964E-004
   1.1958892376083076E-004
   1.2089442762756418E-004
   1.2219777712364730E-004
   1.2349893204096878E-004
   1.2479785353764036E-004
   1.2609450398139480E-004
   1.2738884679809400E-004
   1.2868084632550324E-004
   1.2997046767248329E-004
   1.3125767658373987E-004
   1.3254243931023745E-004
   1.3382472248538418E-004
   1.3510449300707504E-004
   1.3638171792566055E-004
   1.3765636433789419E-004
   1.3892839928690518E-004
   1.4019778966821575E-004
   1.4146450214181508E-004
   1.4272850305028768E-004
   1.4398975834298297E-004
   1.4524823350618892E-004
   1.4650389349927273E-004
   1.4775670269673129E-004
   1.4900662483608690E-004
   1.5025362297154700E-004
   1.5149765943334184E-004
   1.5273869579263740E-004
