   3.7572110875103392E-009
   3.7527851855630835E-009
   3.7498471301459826E-009
   3.7505036175691728E-009
   3.7589134326884371E-009
   3.7819053327135911E-009
   3.8300341367387185E-009
   3.9163840344680901E-009
   4.0567044125072443E-009
   4.2694231368967743E-009
   4.5756071752445072E-009
   4.9989039901843504E-009
   5.5653456766722658E-009
   6.3029277040230115E-009
   7.2409756859339052E-009
   8.4094124243999522E-009
   9.8380681897298483E-009
   1.1556143725879696E-008
   1.3591893987386294E-008
   1.5972606744706550E-008
   1.8725046076153998E-008
   2.1876797876442569E-008
   2.5459668552823717E-008
   2.9518435648333755E-008
   3.4135443578638143E-008
   3.9501437645594743E-008
   4.5988659960231088E-008
   5.3695650854633057E-008
   6.2357475032789237E-008
   7.1920483726141894E-008
   8.2415253580364812E-008
   9.3878629583566890E-008
   1.0634791246322112E-007
   1.1986022265085091E-007
   1.3445218574351276E-007
   1.5015973046894046E-007
   1.6701794650670028E-007
   1.8506097828504662E-007
   2.0432194247880535E-007
   2.2483286233500207E-007
   2.4662462540743811E-007
   2.6972694012979921E-007
   2.9416822779671037E-007
   3.1997570243175541E-007
   3.4717530752682669E-007
   3.7579169813427973E-007
   4.0584823072724876E-007
   4.3736695759439370E-007
   4.7036862542219540E-007
   5.0487267775303793E-007
   5.4089726103425528E-007
   5.7845923399429775E-007
   6.1757418009927392E-007
   6.5825642285743262E-007
   7.0051904375144607E-007
   7.4437390258947258E-007
   7.8983166007597431E-007
   8.3690180241265408E-007
   8.8559266774866480E-007
   9.3591147430756933E-007
   9.8786435002635433E-007
   1.0414563635493113E-006
   1.0966915564264664E-006
   1.1535729763726653E-006
   1.2121027114493760E-006
   1.2722819250364845E-006
   1.3341108914662655E-006
   1.3975890321969199E-006
   1.4627149524070622E-006
   1.5294864779055639E-006
   1.5979006922655281E-006
   1.6679539741220037E-006
   1.7396420346274406E-006
   1.8129599551175918E-006
   1.8879022250667791E-006
   1.9644627803327896E-006
   2.0426350414988644E-006
   2.1224119519418245E-006
   2.2037860152572115E-006
   2.2867493318550607E-006
   2.3712936347417290E-006
   2.4574103245946977E-006
   2.5450905042198282E-006
   2.6343250124205934E-006
   2.7251044572587134E-006
   2.8174192486599300E-006
   2.9112596303111566E-006
   3.0066157107970247E-006
   3.1034774939283354E-006
   3.2018349082198787E-006
   3.3016778354794721E-006
   3.4029961384742868E-006
   3.5057796876440136E-006
   3.6100183868335039E-006
   3.7157021980208810E-006
   3.8228211650193086E-006
   3.9313654361335955E-006
   4.0413252857550967E-006
   4.1526911348808553E-006
   4.2654535705450462E-006
   4.3796033641531600E-006
   4.4951314887117256E-006
   4.6120291349480756E-006
   4.7302877263171435E-006
   4.8498989328942752E-006
   4.9708546841549855E-006
   5.0931471806446895E-006
   5.2167689045432222E-006
   5.3417126291311842E-006
   5.4679714271666112E-006
   5.5955386781827295E-006
   5.7244080747188447E-006
   5.8545736274986779E-006
   5.9860296695715252E-006
   6.1187708594339138E-006
   6.2527921831502541E-006
   6.3880889554930559E-006
   6.5246568201245859E-006
   6.6624917488427862E-006
   6.8015900399163289E-006
   6.9419483155341276E-006
   7.0835635183966141E-006
   7.2264329074762087E-006
   7.3705540529764740E-006
   7.5159248305197868E-006
   7.6625434145940734E-006
   7.8104082712907490E-006
   7.9595181503659222E-006
   8.1098720766580556E-006
   8.2614693408956981E-006
   8.4143094899295366E-006
   8.5683923164232324E-006
   8.7237178480380389E-006
   8.8802863361464688E-006
   9.0380982441112433E-006
   9.1971542351635306E-006
   9.3574551599176063E-006
   9.5190020435572246E-006
   9.6817960727291560E-006
   9.8458385821791028E-006
   1.0011131041165845E-005
   1.0177675039688578E-005
   1.0345472274561579E-005
   1.0514524535371199E-005
   1.0684833690348329E-005
   1.0856401672190201E-005
   1.1029230463863468E-005
   1.1203322084421631E-005
   1.1378678574867080E-005
   1.1555301984089467E-005
