   3.7597368585227131E-009
   3.7572047131707387E-009
   3.7548635572587587E-009
   3.7527119077233934E-009
   3.7507491406056629E-009
   3.7489746522664579E-009
   3.7473879202612498E-009
   3.7459893021985476E-009
   3.7447814799501168E-009
   3.7437715079250250E-009
   3.7429733185542689E-009
   3.7424105477877136E-009
   3.7421195391892926E-009
   3.7421523910812347E-009
   3.7425799268699664E-009
   3.7434944919707833E-009
   3.7450125099020133E-009
   3.7472767649072440E-009
   3.7504584215481255E-009
   3.7547588517516836E-009
   3.7604114396196541E-009
   3.7676837348353660E-009
   3.7768808031115248E-009
   3.7883519458265589E-009
   3.8025071274744651E-009
   3.8198617706356146E-009
   3.8411201585972815E-009
   3.8671054990967102E-009
   3.8985492547475793E-009
   3.9361443935572145E-009
   3.9806087990203340E-009
   4.0326910774524143E-009
   4.0931686463711494E-009
   4.1628451411243802E-009
   4.2425475293424257E-009
   4.3331230412039295E-009
   4.4354359920775392E-009
   4.5503645631164183E-009
   4.6787976019921562E-009
   4.8216315064423499E-009
   4.9797672603479037E-009
   5.1541076875214326E-009
   5.3455549791203748E-009
   5.5550086424475980E-009
   5.7833639239125795E-009
   6.0315108328390888E-009
   6.3003339088241286E-009
   6.5907129007592116E-009
   6.9035245632478054E-009
   7.2396458257254116E-009
   7.5999586552157024E-009
   7.9853570209266948E-009
   8.3967564854046653E-009
   8.8351071029965251E-009
   9.3014105156498322E-009
   9.7967424165125787E-009
   1.0322281925727092E-008
   1.0879349915667961E-008
   1.1469458957520010E-008
   1.2094378341824249E-008
   1.2756218498387721E-008
   1.3457539901378086E-008
   1.4201491637535283E-008
   1.4991982917995925E-008
   1.5833884070185525E-008
   1.6733236396521286E-008
   1.7697413658063807E-008
   1.8735112403812192E-008
   1.9855961335289965E-008
   2.1069499868916045E-008
   2.2383455695076572E-008
   2.3801807156374321E-008
   2.5323753615289391E-008
   2.6944535666309741E-008
   2.8657728740226149E-008
   3.0457517274312112E-008
   3.2339817494952865E-008
   3.4302261469584265E-008
   3.6343672074135373E-008
   3.8463543700224220E-008
   4.0661709544436535E-008
   4.2938171746102230E-008
   4.5293022992618840E-008
   4.7726409091199317E-008
   5.0238508504466743E-008
   5.2829519521651500E-008
   5.5499651544489096E-008
   5.8249118952128268E-008
   6.1078136726453734E-008
   6.3986917337472080E-008
   6.6975668559346919E-008
   7.0044591990023638E-008
   7.3193882112481484E-008
   7.6423725778819152E-008
   7.9734302027955106E-008
   8.3125782168539191E-008
   8.6598330073672820E-008
   9.0152102645078546E-008
   9.3787250412610883E-008
   9.7503918241307886E-008
   1.0130224612304263E-007
   1.0518237003365198E-007
   1.0914442283945038E-007
   1.1318853523947807E-007
   1.1731483673180576E-007
   1.2152345659385814E-007
   1.2581452486807223E-007
   1.3018817334533638E-007
   1.3464453653962112E-007
   1.3918375264804906E-007
   1.4380596449135115E-007
   1.4851132043026197E-007
   1.5329997525398250E-007
   1.5817209103728219E-007
   1.6312783796325960E-007
   1.6816739510915118E-007
   1.7329095119292329E-007
   1.7849870527870105E-007
   1.8379086743935019E-007
   1.8916765937481655E-007
   1.9462931498502832E-007
   2.0017608089642545E-007
   2.0580821694135433E-007
   2.1152599658976794E-007
   2.1732970733283826E-007
   2.2321965101826408E-007
   2.2919614413720468E-007
   2.3525951812864199E-007
   2.4141012102132094E-007
   2.4764831314387251E-007
   2.5397447299815888E-007
   2.6038899067037899E-007
   2.6689227389538441E-007
   2.7348474572319974E-007
   2.8016684443248389E-007
   2.8693902340045495E-007
   2.9380175093030358E-007
   3.0075551003722807E-007
   3.0780079819425279E-007
   3.1493812703910827E-007
   3.2216802204348276E-007
   3.2949102214600156E-007
   3.3690767935038192E-007
   3.4441855829020907E-007
   3.5202423576187883E-007
   3.5972530022723009E-007
   3.6752235128748124E-007
   3.7541599913008467E-007
   3.8340686395015018E-007
   3.9149557534811129E-007
