   3.7597364055985724E-009
   3.7571991012195380E-009
   3.7548397679678756E-009
   3.7526475544932284E-009
   3.7506132114774213E-009
   3.7487289156444005E-009
   3.7469880493564228E-009
   3.7453849735329477E-009
   3.7439148120653627E-009
   3.7425732604985793E-009
   3.7413564242350392E-009
   3.7402606868261903E-009
   3.7392826066786227E-009
   3.7384188393704988E-009
   3.7376660823236156E-009
   3.7370210385333435E-009
   3.7364803962403802E-009
   3.7360408217223412E-009
   3.7356989627199454E-009
   3.7354514603558074E-009
   3.7352949677380525E-009
   3.7352261737751934E-009
   3.7352418311015354E-009
   3.7353387875514939E-009
   3.7355140217381676E-009
   3.7357646863500125E-009
   3.7360881688110089E-009
   3.7364821628193533E-009
   3.7369447002979848E-009
   3.7374741613088920E-009
   3.7380692994898313E-009
   3.7387292714274935E-009
   3.7394536634961799E-009
   3.7402425153664568E-009
   3.7410963399509131E-009
   3.7420161396407224E-009
   3.7430034187529069E-009
   3.7440601921710288E-009
   3.7451889902236049E-009
   3.7463928599044915E-009
   3.7476753625991235E-009
   3.7490405685403070E-009
   3.7504930482635945E-009
   3.7520378614021346E-009
   3.7536805432158707E-009
   3.7554270892985361E-009
   3.7572839389676652E-009
   3.7592579579060702E-009
   3.7613564206921613E-009
   3.7635869939364945E-009
   3.7659577208376063E-009
   3.7684770080887784E-009
   3.7711536162183058E-009
   3.7739966546421353E-009
   3.7770155829659711E-009
   3.7802202204174021E-009
   3.7836207657461903E-009
   3.7872278305396903E-009
   3.7910524897036942E-009
   3.7951063539005001E-009
   3.7994016700392176E-009
   3.8039514574356820E-009
   3.8087696887774286E-009
   3.8138715258981935E-009
   3.8192736190235308E-009
   3.8249944712209739E-009
   3.8310548507951321E-009
   3.8374781930061516E-009
   3.8442908585006420E-009
   3.8515220169351575E-009
   3.8592028651259605E-009
   3.8673650140155892E-009
   3.8760382955302444E-009
   3.8852487410143292E-009
   3.8950175430728877E-009
   3.9053612358175238E-009
   3.9162926497196420E-009
   3.9278220040182523E-009
   3.9399577523726185E-009
   3.9527071116156143E-009
   3.9660763600301002E-009
   3.9800710076169746E-009
   3.9946959046284480E-009
   4.0099553208294118E-009
   4.0258530094358861E-009
   4.0423922618475591E-009
   4.0595759562777558E-009
   4.0774066021245684E-009
   4.0958863812894658E-009
   4.1150171872693848E-009
   4.1348006626012856E-009
   4.1552382350685633E-009
   4.1763311529595821E-009
   4.1980805195819904E-009
   4.2204873271742312E-009
   4.2435524903083543E-009
   4.2672768788440088E-009
   4.2916613504680503E-009
   4.3167067828348822E-009
   4.3424141053094099E-009
   4.3687843303044748E-009
   4.3958185841985145E-009
   4.4235181378146716E-009
   4.4518844364407168E-009
   4.4809191293687337E-009
   4.5106240989337650E-009
   4.5410014890324582E-009
   4.5720537331051339E-009
   4.6037835815674074E-009
   4.6361941286808995E-009
   4.6692888388563094E-009
   4.7030715723861011E-009
   4.7375466106074418E-009
   4.7727186805010563E-009
   4.8085929787349264E-009
   4.8451751951663876E-009
   4.8824715358198711E-009
   4.9204887453615937E-009
   4.9592341290961865E-009
   4.9987155745139467E-009
   5.0389415724207678E-009
   5.0799212376860041E-009
   5.1216643296468455E-009
   5.1641812722100276E-009
   5.2074831736947550E-009
   5.2515818464627916E-009
   5.2964898263833538E-009
   5.3422203921831754E-009
   5.3887875849361423E-009
   5.4362062270431243E-009
   5.4844919416845660E-009
   5.5336611719868491E-009
   5.5837312006394454E-009
   5.6347201697788643E-009
   5.6866471009773419E-009
   5.7395319155266699E-009
   5.7933954550631738E-009
   5.8482595025761552E-009
   5.9041468038383785E-009
   5.9610810892922394E-009
   6.0190870964193664E-009
   6.0781905926147233E-009
   6.1384183985785111E-009
   6.1997984122293206E-009
   6.2623596331325934E-009
   6.3261321874252440E-009
   6.3911473532045008E-009
   6.4574375863333906E-009
   6.5250365465979349E-009
   6.5939791241322318E-009
