   1.0515468181593480E-003
   1.0619554480102021E-003
   1.0718119440438427E-003
   1.0813705226711949E-003
   1.0906417073324852E-003
   1.0996350173374221E-003
   1.1083595091065769E-003
   1.1168238409885723E-003
   1.1250362866450105E-003
   1.1330047443593020E-003
   1.1407367554141291E-003
   1.1482395166258132E-003
   1.1555198981473558E-003
   1.1625844701041532E-003
   1.1694395261829299E-003
   1.1760911068457664E-003
   1.1825450215825553E-003
   1.1888068697819491E-003
   1.1948820599640550E-003
   1.2007758272400174E-003
   1.2064932489529296E-003
   1.2120392585185989E-003
   1.2174186575298522E-003
   1.2226361262186708E-003
   1.2276962323904395E-003
   1.2326034389564351E-003
   1.2373621101966442E-003
   1.2419765168864250E-003
   1.2464508404187989E-003
   1.2507891760498995E-003
   1.2549955353892523E-003
   1.2590738482493756E-003
   1.2630279639612154E-003
   1.2668616522534552E-003
   1.2705786037849715E-003
   1.2741824304108903E-003
   1.2776766652541573E-003
   1.2810647626466515E-003
   1.2843500979999097E-003
   1.2875359676945656E-003
   1.2906255890503427E-003
   1.2936221000469635E-003
   1.2965285591207115E-003
   1.2993479452242580E-003
   1.3020831579965120E-003
   1.3047370180391169E-003
   1.3073122673086185E-003
   1.3098115696293688E-003
   1.3122375113286890E-003
   1.3145926019930622E-003
   1.3168792753417431E-003
   1.3190998902123912E-003
   1.3212567316519073E-003
   1.3233520121045588E-003
   1.3253878726888317E-003
   1.3273663845538674E-003
   1.3292895503062092E-003
   1.3311593054974578E-003
   1.3329775201635886E-003
   1.3347460004069001E-003
   1.3364664900119454E-003
   1.3381406720871414E-003
   1.3397701707243061E-003
   1.3413565526688488E-003
   1.3429013289938882E-003
   1.3444059567721070E-003
   1.3458718407397699E-003
   1.3473003349476955E-003
   1.3486927443951049E-003
   1.3500503266415814E-003
   1.3513742933940469E-003
   1.3526658120660358E-003
   1.3539260073059470E-003
   1.3551559624925104E-003
   1.3563567211954900E-003
   1.3575292886001641E-003
   1.3586746328944129E-003
   1.3597936866175362E-003
   1.3608873479701812E-003
   1.3619564820850083E-003
   1.3630019222579332E-003
   1.3640244711399399E-003
   1.3650249018896925E-003
   1.3660039592872384E-003
   1.3669623608092952E-003
   1.3679007976666517E-003
   1.3688199358043919E-003
   1.3697204168656428E-003
   1.3706028591196711E-003
   1.3714678583551898E-003
   1.3723159887397726E-003
   1.3731478036463221E-003
   1.3739638364475553E-003
   1.3747646012794981E-003
   1.3755505937749779E-003
   1.3763222917681484E-003
   1.3770801559710693E-003
   1.3778246306234028E-003
   1.3785561441163109E-003
   1.3792751095915510E-003
   1.3799819255163504E-003
   1.3806769762341518E-003
   1.3813606324916601E-003
   1.3820332519437631E-003
   1.3826951796382884E-003
   1.3833467484818624E-003
   1.3839882796875954E-003
   1.3846200832050865E-003
   1.3852424581333434E-003
   1.3858556930866413E-003
   1.3864600666579029E-003
   1.3870558477206939E-003
   1.3876432957805461E-003
   1.3882226613225852E-003
   1.3887941861352136E-003
   1.3893581036211133E-003
   1.3899146390961570E-003
   1.3904640100767598E-003
   1.3910064265561955E-003
   1.3915420912703810E-003
   1.3920711999536226E-003
   1.3925939415847385E-003
   1.3931104986240274E-003
   1.3936210472414781E-003
   1.3941257575366022E-003
   1.3946247937502846E-003
   1.3951183144689915E-003
   1.3956064728216473E-003
   1.3960894166695499E-003
   1.3965672887895930E-003
   1.3970402270510622E-003
   1.3975083645863349E-003
   1.3979718299556708E-003
   1.3984307473064016E-003
   1.3988852365266870E-003
   1.3993354133941169E-003
   1.3997813897193140E-003
   1.4002232734847651E-003
   1.4006611689790418E-003
   1.4010951769266166E-003
   1.4015253946133986E-003
   1.4019519160081765E-003
   1.4023748318801091E-003
   1.4027942299123985E-003
   1.4032101948122761E-003
   1.4036228084174406E-003
   1.4040321497990589E-003
   1.4044382953614326E-003
   1.4048413189384648E-003
   1.4052412918870015E-003
