   9.9561886495002890E-004
   9.9703410141877653E-004
   1.0016156572419507E-003
   1.0120446702874793E-003
   1.0309574789326764E-003
   1.0433141042690633E-003
   1.0443586741083462E-003
   1.0452566138759215E-003
   1.0460947315682780E-003
   1.0469097248997498E-003
   1.0477204220512540E-003
   1.0485372778719466E-003
   1.0493664605866983E-003
   1.0502117895398336E-003
   1.0510757220320063E-003
   1.0519598864517777E-003
   1.0528653849465205E-003
   1.0537929726663429E-003
   1.0547431678367154E-003
   1.0557163215141445E-003
   1.0567126630260477E-003
   1.0577323303011196E-003
   1.0587753905624867E-003
   1.0598418547317140E-003
   1.0609316876441716E-003
   1.0620448154197220E-003
   1.0631811308509436E-003
   1.0643404973683334E-003
   1.0655227521632138E-003
   1.0667277088656914E-003
   1.0679551596404330E-003
   1.0692048768387720E-003
   1.0704766143941780E-003
   1.0717701090435527E-003
   1.0730850814242954E-003
   1.0744212370824471E-003
   1.0757782674171853E-003
   1.0771558505796154E-003
   1.0785536523385346E-003
   1.0799713269219464E-003
   1.0814085178402928E-003
   1.0828648586952334E-003
   1.0843399739763242E-003
   1.0858334798468231E-003
   1.0873449849189917E-003
   1.0888740910187428E-003
   1.0904203939390710E-003
   1.0919834841814490E-003
   1.0935629476841982E-003
   1.0951583665367666E-003
   1.0967693196787889E-003
   1.0983953835828617E-003
   1.1000361329199532E-003
   1.1016911412064713E-003
   1.1033599814320790E-003
   1.1050422266674102E-003
   1.1067374506509835E-003
   1.1084452283546362E-003
   1.1101651365269685E-003
   1.1118967542143193E-003
   1.1136396632589261E-003
   1.1153934487739777E-003
   1.1171576995953753E-003
   1.1189320087100663E-003
   1.1207159736609080E-003
   1.1225091969280642E-003
   1.1243112862870056E-003
   1.1261218551433156E-003
   1.1279405228439396E-003
   1.1297669149664506E-003
   1.1316006635847021E-003
   1.1334414075126523E-003
   1.1352887926448687E-003
   1.1371424716828957E-003
   1.1390021050243456E-003
   1.1408673604511319E-003
   1.1427379133884257E-003
   1.1446134470278432E-003
   1.1464936524326539E-003
   1.1483782286248031E-003
   1.1502668826536449E-003
   1.1521593296465176E-003
   1.1540552928417153E-003
   1.1559545036045258E-003
   1.1578567014271289E-003
   1.1597616339131245E-003
   1.1616690567474426E-003
   1.1635787336523045E-003
   1.1654904363299218E-003
   1.1674039443925733E-003
   1.1693190452806638E-003
   1.1712355341694019E-003
   1.1731532138646865E-003
   1.1750718946887968E-003
   1.1769913943564913E-003
   1.1789115378420926E-003
   1.1808321572381400E-003
   1.1827530916061946E-003
   1.1846741868203675E-003
   1.1865952954041327E-003
   1.1885162763609941E-003
   1.1904369949995470E-003
   1.1923573227534928E-003
   1.1942771369971405E-003
   1.1961963208569192E-003
   1.1981147630194238E-003
   1.2000323575365043E-003
   1.2019490036278961E-003
   1.2038646054818841E-003
   1.2057790720544708E-003
   1.2076923168675108E-003
   1.2096042578062765E-003
   1.2115148169168873E-003
   1.2134239202040221E-003
   1.2153314974293376E-003
   1.2172374819109919E-003
   1.2191418103246602E-003
   1.2210444225063920E-003
   1.2229452612577034E-003
   1.2248442721532102E-003
   1.2267414033511482E-003
   1.2286366054070884E-003
   1.2305298310911260E-003
   1.2324210352088508E-003
   1.2343101744263305E-003
   1.2361972070993805E-003
   1.2380820931073341E-003
   1.2399647936915284E-003
   1.2418452712987178E-003
   1.2437234894295782E-003
   1.2455994124924844E-003
   1.2474730056626986E-003
   1.2493442347471042E-003
   1.2512130660546159E-003
   1.2530794662723489E-003
   1.2549434023476430E-003
   1.2568048413760093E-003
   1.2586637504950647E-003
   1.2605200967844702E-003
   1.2623738471719353E-003
   1.2642249683452562E-003
   1.2660734266704255E-003
   1.2679191881157647E-003
   1.2697622181820731E-003
   1.2716024818387427E-003
   1.2734399434657750E-003
   1.2752745668016489E-003
   1.2771063148969534E-003
   1.2789351500736941E-003
   1.2807610338901809E-003
