   9.9545102603487115E-004
   9.9545178046878255E-004
   9.9545256376090295E-004
   9.9545350780195769E-004
   9.9545497498504366E-004
   9.9545773405674241E-004
   9.9546316278359740E-004
   9.9547345724377385E-004
   9.9549182603323274E-004
   9.9552255063483329E-004
   9.9556678455436161E-004
   9.9562516488593323E-004
   9.9570178431241849E-004
   9.9580163784768585E-004
   9.9593063801928488E-004
   9.9609565981830742E-004
   9.9630457596058667E-004
   9.9656628280011357E-004
   9.9689071716998904E-004
   9.9728886429328216E-004
   9.9777275674000623E-004
   9.9835546420664386E-004
   9.9905107365112116E-004
   9.9987465900483507E-004
   1.0008422392587721E-003
   1.0019707231003069E-003
   1.0032778373105166E-003
   1.0047820345382291E-003
   1.0065023733034498E-003
   1.0084583580493645E-003
   1.0106697174045362E-003
   1.0131560791577542E-003
   1.0159364574948719E-003
   1.0190283656002503E-003
   1.0224460933236867E-003
   1.0261968417891953E-003
   1.0302701527836490E-003
   1.0345986103336207E-003
   1.0387976052478524E-003
   1.0407532695708927E-003
   1.0408857240559490E-003
   1.0409697724759505E-003
   1.0410483565175728E-003
   1.0411224881486417E-003
   1.0411929779301334E-003
   1.0412605137277977E-003
   1.0413256821366326E-003
   1.0413889856736120E-003
   1.0414508566759925E-003
   1.0415116685999037E-003
   1.0415717452548841E-003
   1.0416313683902056E-003
   1.0416907839577933E-003
   1.0417502073069951E-003
   1.0418098275129415E-003
   1.0418698109987954E-003
   1.0419303045799435E-003
   1.0419914380329048E-003
   1.0420533262718429E-003
   1.0421160711998453E-003
   1.0421797632895887E-003
   1.0422444829380321E-003
   1.0423103016317459E-003
   1.0423772829530030E-003
   1.0424454834515396E-003
   1.0425149534026370E-003
   1.0425857374686813E-003
   1.0426578752785469E-003
   1.0427314019367925E-003
   1.0428063484727401E-003
   1.0428827422379256E-003
   1.0429606072590691E-003
   1.0430399645526246E-003
   1.0431208324060423E-003
   1.0432032266301375E-003
   1.0432871607862619E-003
   1.0433726463914808E-003
   1.0434596931044831E-003
   1.0435483088945400E-003
   1.0436385001955535E-003
   1.0437302720468914E-003
   1.0438236282225327E-003
   1.0439185713497859E-003
   1.0440151030187187E-003
   1.0441132238832502E-003
   1.0442129337547544E-003
   1.0443142316888974E-003
   1.0444171160663594E-003
   1.0445215846679706E-003
   1.0446276347447711E-003
   1.0447352630833923E-003
   1.0448444660671322E-003
   1.0449552397330520E-003
   1.0450675798253344E-003
   1.0451814818451604E-003
   1.0452969410972295E-003
   1.0454139527330229E-003
   1.0455325117907741E-003
   1.0456526132318756E-003
   1.0457742519736897E-003
   1.0458974229209596E-003
   1.0460221210006173E-003
   1.0461483411997414E-003
   1.0462760785992641E-003
   1.0464053283995981E-003
   1.0465360859411446E-003
   1.0466683467227553E-003
   1.0468021064191700E-003
   1.0469373608974694E-003
   1.0470741062323795E-003
   1.0472123387203160E-003
   1.0473520548920587E-003
   1.0474932515240358E-003
   1.0476359256482129E-003
   1.0477800745605974E-003
   1.0479256958283918E-003
   1.0480727872958064E-003
   1.0482213470886063E-003
   1.0483713736174022E-003
   1.0485228655797362E-003
   1.0486758219610045E-003
   1.0488302420342674E-003
   1.0489861253589752E-003
   1.0491434717786569E-003
   1.0493022814176238E-003
   1.0494625546767118E-003
   1.0496242922281250E-003
   1.0497874950094052E-003
   1.0499521642165785E-003
   1.0501183012965260E-003
   1.0502859079386012E-003
   1.0504549860655612E-003
   1.0506255378238429E-003
   1.0507975655732137E-003
   1.0509710718758611E-003
   1.0511460594849415E-003
   1.0513225313326471E-003
   1.0515004905178157E-003
   1.0516799402931485E-003
   1.0518608840520477E-003
   1.0520433253151374E-003
   1.0522272677164946E-003
   1.0524127149896352E-003
   1.0525996709532953E-003
   1.0527881394970439E-003
   1.0529781245667603E-003
   1.0531696301500221E-003
   1.0533626602614431E-003
   1.0535572189279770E-003
   1.0537533101742452E-003
