   9.9546427052487675E-004
   9.9547726293805656E-004
   9.9548934647997016E-004
   9.9550058952292317E-004
   9.9551105880467351E-004
   9.9552081973361926E-004
   9.9552993667839911E-004
   9.9553847354905459E-004
   9.9554649510702280E-004
   9.9555406920635728E-004
   9.9556127023296432E-004
   9.9556818392554413E-004
   9.9557491368286411E-004
   9.9558158837832322E-004
   9.9558837161717599E-004
   9.9559547228587051E-004
   9.9560315615432110E-004
   9.9561175819187818E-004
   9.9562169512638519E-004
   9.9563347756767388E-004
   9.9564772062516490E-004
   9.9566515109688497E-004
   9.9568660720244563E-004
   9.9571302093687340E-004
   9.9574535454661443E-004
   9.9578440675322376E-004
   9.9583042429256621E-004
   9.9588336893214843E-004
   9.9594393784683231E-004
   9.9601335314699409E-004
   9.9609303889861694E-004
   9.9618458190615174E-004
   9.9628973117669517E-004
   9.9641039877611378E-004
   9.9654866014751140E-004
   9.9670675348864060E-004
   9.9688707794615768E-004
   9.9709219044369249E-004
   9.9732480098225530E-004
   9.9758776625394189E-004
   9.9788408138486379E-004
   9.9821686962243798E-004
   9.9858936989597196E-004
   9.9900492166664486E-004
   9.9946694697787899E-004
   9.9997892927773018E-004
   1.0005443884966595E-003
   1.0011668517532993E-003
   1.0018498188884293E-003
   1.0025967217999830E-003
   1.0034108762513501E-003
   1.0042954244263360E-003
   1.0052532659733571E-003
   1.0062869745733108E-003
   1.0073986961203205E-003
   1.0085900233445897E-003
   1.0098618400370578E-003
   1.0112141258507728E-003
   1.0126457098655862E-003
   1.0141539577131465E-003
   1.0157343733419259E-003
   1.0173800934125401E-003
   1.0190812523783617E-003
   1.0208242054378571E-003
   1.0225906274093377E-003
   1.0243565827223523E-003
   1.0260918253854378E-003
   1.0277598813077662E-003
   1.0293198628918043E-003
   1.0307311792959167E-003
   1.0319615691764443E-003
   1.0329963974304369E-003
   1.0338440268304312E-003
   1.0345324364948907E-003
   1.0350982885454091E-003
   1.0355755180436288E-003
   1.0359893746526309E-003
   1.0363562397195459E-003
   1.0366861787615884E-003
   1.0369855751520504E-003
   1.0372588515194226E-003
   1.0375093602271303E-003
   1.0377397984635778E-003
   1.0379524087426573E-003
   1.0381490908245516E-003
   1.0383314742638701E-003
   1.0385009700218926E-003
   1.0386588090687402E-003
   1.0388060721508883E-003
   1.0389437132574399E-003
   1.0390725784430856E-003
   1.0391934211431289E-003
   1.0393069147842460E-003
   1.0394136632749925E-003
   1.0395142098098657E-003
   1.0396090443152207E-003
   1.0396986097895506E-003
   1.0397833077350393E-003
   1.0398635028359400E-003
   1.0399395270079223E-003
   1.0400116829185622E-003
   1.0400802470604154E-003
   1.0401454724435011E-003
   1.0402075909623850E-003
   1.0402668154837632E-003
   1.0403233416929501E-003
   1.0403773497315680E-003
   1.0404290056537644E-003
   1.0404784627241741E-003
   1.0405258625774238E-003
   1.0405713362561524E-003
   1.0406150051421440E-003
   1.0406569817931794E-003
   1.0406973706965068E-003
   1.0407362689484063E-003
   1.0407737668681203E-003
   1.0408099485533439E-003
   1.0408448923836045E-003
   1.0408786714770754E-003
   1.0409113541056992E-003
   1.0409430040729298E-003
   1.0409736810579084E-003
   1.0410034409294232E-003
   1.0410323360326636E-003
   1.0410604154514128E-003
   1.0410877252480587E-003
   1.0411143086835248E-003
   1.0411402063171325E-003
   1.0411654533430406E-003
   1.0411900880732624E-003
   1.0412141404784890E-003
   1.0412376484859665E-003
   1.0412606421206273E-003
   1.0412831497357789E-003
   1.0413051981243196E-003
   1.0413268126215345E-003
   1.0413480172002303E-003
   1.0413688345588530E-003
   1.0413892862031540E-003
   1.0414093925219311E-003
   1.0414291728573107E-003
   1.0414486455700130E-003
   1.0414678280999798E-003
   1.0414867370227487E-003
   1.0415053881018788E-003
   1.0415237963377468E-003
   1.0415419760129835E-003
   1.0415599407348020E-003
   1.0415777034744526E-003
   1.0415952766040174E-003
