   9.9546427050510524E-004
   9.9547726238204235E-004
   9.9548934275304948E-004
   9.9550057559147039E-004
   9.9551102091893209E-004
   9.9552073527957698E-004
   9.9552977215320660E-004
   9.9553818230210442E-004
   9.9554601405352498E-004
   9.9555331352381101E-004
   9.9556012479243804E-004
   9.9556649003494191E-004
   9.9557244962345925E-004
   9.9557804220296768E-004
   9.9558330475053728E-004
   9.9558827262402529E-004
   9.9559297960584566E-004
   9.9559745794663220E-004
   9.9560173841289467E-004
   9.9560585034204211E-004
   9.9560982170743251E-004
   9.9561367919527664E-004
   9.9561744829418418E-004
   9.9562115339628648E-004
   9.9562481790476266E-004
   9.9562846433083304E-004
   9.9563211433816132E-004
   9.9563578874600225E-004
   9.9563950769003713E-004
   9.9564329089417533E-004
   9.9564715788869290E-004
   9.9565112821103159E-004
   9.9565522161356606E-004
   9.9565945827889582E-004
   9.9566385904078809E-004
   9.9566844560859962E-004
   9.9567324079290697E-004
   9.9567826872994092E-004
   9.9568355510235062E-004
   9.9568912735379278E-004
   9.9569501489479547E-004
   9.9570124929733482E-004
   9.9570786447561823E-004
   9.9571489685054172E-004
   9.9572238549525973E-004
   9.9573037225938457E-004
   9.9573890186929618E-004
   9.9574802200196847E-004
   9.9575778332964995E-004
   9.9576823953254155E-004
   9.9577944727634315E-004
   9.9579146615110469E-004
   9.9580435856723025E-004
   9.9581818960357447E-004
   9.9583302680136148E-004
   9.9584893989594788E-004
   9.9586600047611826E-004
   9.9588428155745730E-004
   9.9590385705214043E-004
   9.9592480111192943E-004
   9.9594718731421845E-004
   9.9597108765258594E-004
   9.9599657128465616E-004
   9.9602370298390325E-004
   9.9605254124599061E-004
   9.9608313603035347E-004
   9.9611552620607947E-004
   9.9614973697024372E-004
   9.9618577787511449E-004
   9.9622364262148409E-004
   9.9626331216311160E-004
   9.9630476220592939E-004
   9.9634797419498886E-004
   9.9639294614284118E-004
   9.9643969883655547E-004
   9.9648827560910218E-004
   9.9653873760073455E-004
   9.9659115788357970E-004
   9.9664561670958574E-004
   9.9670219843955269E-004
   9.9676098976384572E-004
   9.9682207866703585E-004
   9.9688555376246783E-004
   9.9695150380843403E-004
   9.9702001732446211E-004
   9.9709118227235679E-004
   9.9716508578435157E-004
   9.9724181392782558E-004
   9.9732145149957537E-004
   9.9740408184462778E-004
   9.9748978669591789E-004
   9.9757864603198425E-004
   9.9767073795049648E-004
   9.9776613855587248E-004
   9.9786492185949759E-004
   9.9796715969140918E-004
   9.9807292162238650E-004
   9.9818227489558895E-004
   9.9829528436695594E-004
   9.9841201245368149E-004
   9.9853251909013513E-004
   9.9865686169062261E-004
   9.9878509511846939E-004
   9.9891727166088453E-004
   9.9905344100912155E-004
   9.9919365024345131E-004
   9.9933794382248012E-004
   9.9948636357637339E-004
   9.9963894870351978E-004
   9.9979573577021075E-004
   9.9995675871290021E-004
   1.0001220488426079E-003
   1.0002916348510616E-003
   1.0004655428181395E-003
   1.0006437962202081E-003
   1.0008264159389424E-003
   1.0010134202702251E-003
   1.0012048249327136E-003
   1.0014006430756766E-003
   1.0016008852857235E-003
   1.0018055595920074E-003
   1.0020146714695608E-003
   1.0022282238403445E-003
   1.0024462170716774E-003
   1.0026686489716585E-003
   1.0028955147812514E-003
   1.0031268071626709E-003
   1.0033625161837490E-003
   1.0036026292971759E-003
   1.0038471313169436E-003
   1.0040960043873515E-003
   1.0043492279506563E-003
   1.0046067787063025E-003
   1.0048686305638302E-003
   1.0051347545908481E-003
   1.0054051189548421E-003
   1.0056796888586138E-003
   1.0059584264692108E-003
   1.0062412908402292E-003
   1.0065282378273839E-003
   1.0068192199973146E-003
   1.0071141865295994E-003
   1.0074130831120188E-003
   1.0077158518291612E-003
   1.0080224310445090E-003
   1.0083327552762073E-003
   1.0086467550668020E-003
   1.0089643568472915E-003
   1.0092854827959447E-003
   1.0096100506923975E-003
