   9.0976687825222786E-008
   3.2430297049190392E-009
   2.1308336029274551E-009
   1.6189146511749889E-009
   1.3175120118783096E-009
   1.1188987995051543E-009
   9.7817821422959524E-010
   8.7328609605272130E-010
   7.9210982102446918E-010
   7.2744529174994651E-010
   6.7473888958966869E-010
   6.3097109814448973E-010
   5.9406060418955751E-010
   5.6252611348378143E-010
   5.3528462668403484E-010
   5.1152597036736056E-010
   4.9063194527945529E-010
   4.7212261716210401E-010
   4.5561968308284160E-010
   4.4082089877349243E-010
   4.2748185761400597E-010
   4.1540276854128159E-010
   4.0441870300904472E-010
   3.9439229377360554E-010
   3.8520819544200322E-010
   3.7676883008229195E-010
   3.6899108310560441E-010
   3.6180371071991831E-010
   3.5514528639481257E-010
   3.4896255999039057E-010
   3.4320913594570016E-010
   3.3784440041890205E-010
   3.3283264433539147E-010
   3.2814234183024598E-010
   3.2374555286766553E-010
   3.1961742578405331E-010
   3.1573578076540201E-010
   3.1208075928221464E-010
   3.0863452758575361E-010
   3.0538102472734369E-010
   3.0230574742387554E-010
   2.9939556592409026E-010
   2.9663856562112340E-010
   2.9402391007661655E-010
   2.9154172226672796E-010
   2.8918298128846710E-010
   2.8693943221412121E-010
   2.8480350716919021E-010
   2.8276825602548603E-010
   2.8082728535999340E-010
   2.7897470454309442E-010
   2.7720507799559747E-010
   2.7551338279985394E-010
   2.7389497097158198E-010
   2.7234553580040665E-010
   2.7086108175206706E-010
   2.6943789749672033E-010
   2.6807253168805197E-010
   2.6676177116894635E-010
   2.6550262132279384E-010
   2.6429228832640103E-010
   2.6312816309197763E-010
   2.6200780671263703E-010
   2.6092893724901460E-010
   2.5988941771452961E-010
   2.5888724513402942E-010
   2.5792054056542453E-010
   2.5698753998613848E-010
   2.5608658596309572E-010
   2.5521612001446967E-010
   2.5437467562114426E-010
   2.5356087180103994E-010
   2.5277340720840159E-010
   2.5201105470441516E-010
   2.5127265635679224E-010
   2.5055711882964904E-010
   2.4986340912894655E-010
   2.4919055067226655E-010
   2.4853761965478439E-010
   2.4790374168606551E-010
   2.4728808867475843E-010
   2.4668987594045050E-010
   2.4610835953390169E-010
   2.4554283374861716E-010
   2.4499262880828444E-010
   2.4445710871601779E-010
   2.4393566925259075E-010
   2.4342773611199435E-010
   2.4293276316366775E-010
   2.4245023083167837E-010
   2.4197964458195506E-010
   2.4152053350943958E-010
   2.4107244901769229E-010
   2.4063496358411920E-010
   2.4020766960453307E-010
   2.3979017831127741E-010
   2.3938211875958987E-010
   2.3898313687730071E-010
   2.3859289457331726E-010
   2.3821106890073493E-010
   2.3783735127092678E-010
   2.3747144671551286E-010
   2.3711307319323992E-010
   2.3676196093845425E-010
   2.3641785184780003E-010
   2.3608049890230716E-010
   2.3574966562253116E-010
   2.3542512555468341E-010
   2.3510666178581882E-010
   2.3479406649961371E-010
   2.3448714051107035E-010
   2.3418569287689217E-010
   2.3388954051887657E-010
   2.3359850785116699E-010
   2.3331242643501696E-010
   2.3303113465196222E-010
   2.3275447739425156E-010
   2.3248230577146735E-010
   2.3221447683234221E-010
   2.3195085330084751E-010
   2.3169130332569268E-010
   2.3143570024242544E-010
   2.3118392234739461E-010
   2.3093585268286359E-010
   2.3069137883263154E-010
   2.3045039272754643E-010
   2.3021279046034769E-010
   2.2997847210929991E-010
   2.2974734157012516E-010
   2.2951930639577175E-010
   2.2929427764357875E-010
   2.2907216972943691E-010
   2.2885290028856158E-010
   2.2863639004252525E-010
   2.2842256267221421E-010
   2.2821134469640086E-010
   2.2800266535563487E-010
   2.2779645650118413E-010
   2.2759265248876714E-010
   2.2739119007683368E-010
   2.2719200832917352E-010
   2.2699504852163475E-010
   2.2680025405275888E-010
   2.2660757035813861E-010
   2.2641694482832977E-010
   2.2622832673014473E-010
   2.2604166713117822E-010
   2.2585691882741460E-010
   2.2567403627377524E-010
   2.2549297551748686E-010
