   1.5621594726035626E-005
   1.5268490979284393E-005
   1.3915755814683937E-005
   1.0631929810677543E-005
   4.5201367447405927E-006
   3.8379392823944269E-007
   2.5054418548959103E-007
   1.7559239415721218E-007
   1.2903900935045406E-007
   9.8363175754570690E-008
   7.7199446431799521E-008
   6.2047627156370035E-008
   5.0864243404940591E-008
   4.2396477179650150E-008
   3.5844304462850147E-008
   3.0678911655162238E-008
   2.6540248920786728E-008
   2.3176788538595867E-008
   2.0408811749000726E-008
   1.8105325342906304E-008
   1.6169143352116152E-008
   1.4527007331062380E-008
   1.3122899002645723E-008
   1.1913423902607733E-008
   1.0864567483788310E-008
   9.9493784914421815E-009
   9.1462899560077948E-009
   8.4378857325260461E-009
   7.8099827897053977E-009
   7.2509404743536265E-009
   6.7511353629907926E-009
   6.3025579708695700E-009
   5.8985000845866414E-009
   5.5333102499880574E-009
   5.2022010136061677E-009
   4.9010958120977285E-009
   4.6265064887159947E-009
   4.3754346536868258E-009
   4.1452917446764488E-009
   3.9338338553899509E-009
   3.7391083039184276E-009
   3.5594095916675596E-009
   3.3932429182037611E-009
   3.2392938099300235E-009
   3.0964027221594380E-009
   2.9635437074317192E-009
   2.8398064244832454E-009
   2.7243809044376031E-009
   2.6165446027177292E-009
   2.5156513538005633E-009
   2.4211219164629566E-009
   2.3324358535782057E-009
   2.2491245358562666E-009
   2.1707650955214068E-009
   2.0969751855997832E-009
   2.0274084246579017E-009
   1.9617504265939302E-009
   1.8997153313041634E-009
   1.8410427654114137E-009
   1.7854951732929968E-009
   1.7328554678164149E-009
   1.6829249578254977E-009
   1.6355215157976178E-009
   1.5904779544361912E-009
   1.5476405854542043E-009
   1.5068679375903678E-009
   1.4680296140997622E-009
   1.4310052726710897E-009
   1.3956837130466417E-009
   1.3619620595285457E-009
   1.3297450273308661E-009
   1.2989442630722214E-009
   1.2694776996072643E-009
   1.2412692291371889E-009
   1.2142479022406788E-009
   1.1883477054785932E-009
   1.1635071107735528E-009
   1.1396687162451014E-009
   1.1167789200625269E-009
   1.0947876239124496E-009
   1.0736479630651872E-009
   1.0533160603588701E-009
   1.0337508017150208E-009
   1.0149136310606172E-009
   9.9676836276364723E-010
   9.7928100989470353E-010
   9.6241962680825875E-010
   9.4615416469713684E-010
   9.3045633891469369E-010
   9.1529950698391422E-010
   9.0065855632294970E-010
   8.8650980081460231E-010
   8.7283088543429318E-010
   8.5960069822840715E-010
   8.4679928900413767E-010
   8.3440779415343784E-010
   8.2240836708887508E-010
   8.1078411381853575E-010
   7.9951903323123958E-010
   7.8859796170315160E-010
   7.7800652167236398E-010
   7.6773107386018712E-010
   7.5775867284671069E-010
   7.4807702573422862E-010
   7.3867445365555894E-010
   7.2953985590559756E-010
   7.2066267649347573E-010
   7.1203287293020081E-010
   7.0364088708226969E-010
   6.9547761793604386E-010
   6.8753439613065368E-010
   6.7980296012888655E-010
   6.7227543390629560E-010
   6.6494430604840865E-010
   6.5780241015485806E-010
   6.5084290645730955E-010
   6.4405926456542276E-010
   6.3744524726185572E-010
   6.3099489527346860E-010
   6.2470251295148934E-010
   6.1856265479859643E-010
   6.1257011278559912E-010
   6.0671990440465582E-010
   6.0100726141009259E-010
   5.9542761920135136E-010
   5.8997660680608532E-010
   5.8465003742445437E-010
   5.7944389949848600E-010
   5.7435434827303168E-010
   5.6937769781716750E-010
   5.6451041347723849E-010
   5.5974910473462557E-010
   5.5509051844332594E-010
   5.5053153242413235E-010
   5.4606914939380906E-010
   5.4170049120912703E-010
   5.3742279340703877E-010
   5.3323340002353109E-010
   5.2912975867481703E-010
   5.2510941588573005E-010
   5.2117001265107314E-010
   5.1730928021671082E-010
   5.1352503606796368E-010
   5.0981518011378742E-010
   5.0617769105585754E-010
   5.0261062292659060E-010
   4.9911210182185175E-010
   4.9568032273079986E-010
   4.9231354657346482E-010
   4.8901009734847801E-010
