   1.5650402330424179E-005
   1.5646455741604647E-005
   1.5642867803823142E-005
   1.5639204275123276E-005
   1.5634403321875355E-005
   1.5626752441519305E-005
   1.5615185740474635E-005
   1.5597210982891880E-005
   1.5568984331649587E-005
   1.5525282281198560E-005
   1.5459305424711430E-005
   1.5362494007026475E-005
   1.5224365365391999E-005
   1.5032394729977721E-005
   1.4771967279410870E-005
   1.4426428472278674E-005
   1.3977257081754351E-005
   1.3404391232329195E-005
   1.2686763465660778E-005
   1.1803163311051431E-005
   1.0733685873209624E-005
   9.4623588519418161E-006
   7.9824229439067250E-006
   6.3083570507378990E-006
   4.5073079326978836E-006
   2.7876312229664063E-006
   1.6262914850387788E-006
   1.1989106193282502E-006
   1.0087529233603985E-006
   8.6736264382706686E-007
   7.5314060975013721E-007
   6.5911378841914187E-007
   5.8069962170185542E-007
   5.1462552847706174E-007
   4.5846634054527779E-007
   4.1037762053846191E-007
   3.6892881827759955E-007
   3.3299300171658087E-007
   3.0167098981885546E-007
   2.7423752324782735E-007
   2.5010211439164335E-007
   2.2881409201155198E-007
   2.0992799040926267E-007
   1.9311097129606469E-007
   1.7808692751319532E-007
   1.6462277377344704E-007
   1.5252082917234355E-007
   1.4161270259374489E-007
   1.3175435557332740E-007
   1.2282209358653117E-007
   1.1470929388139406E-007
   1.0732372104001839E-007
   1.0058531412475956E-007
   9.4424354219508283E-008
   8.8779940358048065E-008
   8.3598716666294217E-008
   7.8833805085855614E-008
   7.4443907074860489E-008
   7.0392544783340398E-008
   6.6647417814918108E-008
   6.3179856147442900E-008
   5.9964353346422026E-008
   5.6978167061062095E-008
   5.4200976093140619E-008
   5.1614585189652615E-008
   4.9202670221366411E-008
   4.6950557641489188E-008
   4.4845033126903525E-008
   4.2874175132574450E-008
   4.1027209772017345E-008
   3.9294384001021592E-008
   3.7666854549738189E-008
   3.6136590437405772E-008
   3.4696287229187168E-008
   3.3339291467663886E-008
   3.2059533942394951E-008
   3.0851470656005081E-008
   2.9710030508293363E-008
   2.8630568854652963E-008
   2.7608826207907241E-008
   2.6640891449868256E-008
   2.5723169004017976E-008
   2.4852349494654988E-008
   2.4025383481169180E-008
   2.3239457909909669E-008
   2.2491974971910223E-008
   2.1780533093957250E-008
   2.1102909824272564E-008
   2.0457046403313640E-008
   1.9841033835546283E-008
   1.9253100300081233E-008
   1.8691599757244726E-008
   1.8155001624877000E-008
   1.7641881412755958E-008
   1.7150912216311159E-008
   1.6680856981980022E-008
   1.6230561466367901E-008
   1.5798947819990876E-008
   1.5385008733962580E-008
   1.4987802094665294E-008
   1.4606446097337450E-008
   1.4240114774715445E-008
   1.3888033901473418E-008
   1.3549477239283525E-008
   1.3223763090937059E-008
   1.2910251135180724E-008
   1.2608339516779725E-008
   1.2317462168863276E-008
   1.2037086346875419E-008
   1.1766710355478546E-008
   1.1505861451564464E-008
   1.1254093908145853E-008
   1.1010987225348526E-008
   1.0776144476024257E-008
   1.0549190774667806E-008
   1.0329771859369645E-008
   1.0117552777476639E-008
   9.9122166664798152E-009
   9.7134636224128123E-009
   9.5210096487324320E-009
   9.3345856792747110E-009
   9.1539366694414800E-009
   8.9788207502812617E-009
   8.8090084405871510E-009
   8.6442819125521465E-009
   8.4844343069002046E-009
   8.3292690937538643E-009
   8.1785994758117596E-009
   8.0322478306921462E-009
   7.8900451895567118E-009
   7.7518307493635974E-009
   7.6174514163127375E-009
   7.4867613782417480E-009
   7.3596217039087076E-009
   7.2358999672601597E-009
   7.1154698949337384E-009
   6.9982110353779203E-009
   6.8840084480979081E-009
   6.7727524116501211E-009
   6.6643381491127979E-009
   6.5586655698551664E-009
   6.4556390265165227E-009
   6.3551670861873444E-009
   6.2571623148584367E-009
   6.1615410742729493E-009
   6.0682233303785134E-009
   5.9771324726353355E-009
   5.8881951434882321E-009
   5.8013410773612591E-009
   5.7165029485773970E-009
