   1.5574009068024350E-005
   1.5573703350068889E-005
   1.5573399313162276E-005
   1.5573096762404914E-005
   1.5572795395183199E-005
   1.5572494794712563E-005
   1.5572194414787677E-005
   1.5571893538842771E-005
   1.5571591194667203E-005
   1.5571286006577160E-005
   1.5570976029418018E-005
   1.5570658702732850E-005
   1.5570330556227415E-005
   1.5569986835929203E-005
   1.5569621080560224E-005
   1.5569224615418929E-005
   1.5568785963979450E-005
   1.5568290179861023E-005
   1.5567718103798195E-005
   1.5567045551959501E-005
   1.5566242443423782E-005
   1.5565271875858111E-005
   1.5564089159478925E-005
   1.5562640820263235E-005
   1.5560863584158035E-005
   1.5558683354778080E-005
   1.5556014197875502E-005
   1.5552757346846257E-005
   1.5548800244946681E-005
   1.5544015642153167E-005
   1.5538260768541234E-005
   1.5531376613403533E-005
   1.5523187353871627E-005
   1.5513500007712574E-005
   1.5502104456665589E-005
   1.5488774173563382E-005
   1.5473268559757480E-005
   1.5455340045565958E-005
   1.5434762471850152E-005
   1.5411537461164629E-005
   1.5386216077240090E-005
   1.5358853207650240E-005
   1.5329268676042584E-005
   1.5297267514394418E-005
   1.5262642196171577E-005
   1.5225172608282184E-005
   1.5184626060167632E-005
   1.5140757333037984E-005
   1.5093308769590758E-005
   1.5042010404354117E-005
   1.4986580134645730E-005
   1.4926723932027696E-005
   1.4862136094067073E-005
   1.4792499536177553E-005
   1.4717486123321403E-005
   1.4636757041394720E-005
   1.4549963208203443E-005
   1.4456745724069925E-005
   1.4356736362292862E-005
   1.4249558099926908E-005
   1.4134825689661748E-005
   1.4012146273976432E-005
   1.3881120043242568E-005
   1.3741340940069089E-005
   1.3592397412953275E-005
   1.3433873223263685E-005
   1.3265348310780137E-005
   1.3086399724514759E-005
   1.2896602627465897E-005
   1.2695531386225500E-005
   1.2482760759663627E-005
   1.2257867204507911E-005
   1.2020430320944695E-005
   1.1770034467823980E-005
   1.1506270585737444E-005
   1.1228738277704160E-005
   1.0937048212564011E-005
   1.0630824936977247E-005
   1.0309710210408079E-005
   9.9733670169460188E-006
   9.6214844632652384E-006
   9.2537838510156314E-006
   8.8700263262276441E-006
   8.4700226764484064E-006
   8.0536460982101713E-006
   7.6208491423070686E-006
   7.1716866452550628E-006
   6.7063474158251128E-006
   6.2251990208273618E-006
   5.7288526710522885E-006
   5.2182598259357875E-006
   4.6948604218016913E-006
   4.1608179883854496E-006
   3.6194062473635333E-006
   3.0756688222021502E-006
   2.5375826219524441E-006
   2.0181347522052633E-006
   1.5388031980829376E-006
   1.1334547853878865E-006
   8.4303504753838408E-007
   6.8135345175209439E-007
   6.0783694335041139E-007
   5.7157361796835863E-007
   5.4709831000531643E-007
   5.2632637035765404E-007
   5.0718882841483609E-007
   4.8918188208699096E-007
   4.7214954383057169E-007
   4.5600784607324880E-007
   4.4069052839441054E-007
   4.2613916277033243E-007
   4.1230103626923001E-007
   3.9912829092746152E-007
   3.8657731916646249E-007
   3.7460826692316506E-007
   3.6318461277668893E-007
   3.5227280779391645E-007
   3.4184196511226991E-007
   3.3186359071419770E-007
   3.2231134861444950E-007
   3.1316085502023653E-007
   3.0438949705560826E-007
   2.9597627244517025E-007
   2.8790164718560628E-007
   2.8014742873731562E-007
   2.7269665267293324E-007
   2.6553348104679957E-007
   2.5864311095683494E-007
   2.5201167001625098E-007
   2.4562940508027381E-007
   2.3950964764331750E-007
   2.3360914695833846E-007
   2.2791654407617132E-007
   2.2242220986295483E-007
   2.1711705896865025E-007
   2.1199251369269938E-007
   2.0704047113921653E-007
   2.0225327277675575E-007
   1.9762367620584818E-007
   1.9314482895553227E-007
   1.8881024414605235E-007
   1.8461377786929694E-007
   1.8054960815155219E-007
   1.7661221537490560E-007
   1.7279636404431727E-007
   1.6909708579701013E-007
   1.6550966355959234E-007
   1.6202961676628057E-007
   1.5865268755881910E-007
   1.5537482789524575E-007
