   1.5650402910286529E-005
   1.5646469739714132E-005
   1.5643001386914996E-005
   1.5639945766205030E-005
   1.5637256357835062E-005
   1.5634891544664717E-005
   1.5632814028542227E-005
   1.5630990321158897E-005
   1.5629390302400197E-005
   1.5627986838546533E-005
   1.5626755452564311E-005
   1.5625674039155342E-005
   1.5624722617882166E-005
   1.5623883118409221E-005
   1.5623139192618026E-005
   1.5622476049027903E-005
   1.5621880305568297E-005
   1.5621339857298606E-005
   1.5620843756166497E-005
   1.5620382100343780E-005
   1.5619945931097419E-005
   1.5619527135564275E-005
   1.5619118354248911E-005
   1.5618712892672915E-005
   1.5618304637722731E-005
   1.5617887982071432E-005
   1.5617457767575327E-005
   1.5617009258712967E-005
   1.5616538093911264E-005
   1.5616040181095292E-005
   1.5615511607509309E-005
   1.5614948567408428E-005
   1.5614347292825174E-005
   1.5613703985255738E-005
   1.5613014748191991E-005
   1.5612275520552552E-005
   1.5611482011106569E-005
   1.5610629634020019E-005
   1.5609713445695631E-005
   1.5608728083127459E-005
   1.5607667704050133E-005
   1.5606525929234431E-005
   1.5605295787358322E-005
   1.5603969662950848E-005
   1.5602539248028887E-005
   1.5600995498111621E-005
   1.5599328593383261E-005
   1.5597527905855860E-005
   1.5595581973455381E-005
   1.5593478482019503E-005
   1.5591204256258287E-005
   1.5588745260795290E-005
   1.5586086612488191E-005
   1.5583212605336280E-005
   1.5580106749438614E-005
   1.5576751825692026E-005
   1.5573129958245345E-005
   1.5569222707191542E-005
   1.5565011184631859E-005
   1.5560476198144797E-005
   1.5555598426907613E-005
   1.5550358637323864E-005
   1.5544737947066053E-005
   1.5538718148934044E-005
   1.5532282108650249E-005
   1.5525414252971435E-005
   1.5518101164552666E-005
   1.5510332293948436E-005
   1.5502100779121869E-005
   1.5493404315039835E-005
   1.5484245921704597E-005
   1.5474634309281001E-005
   1.5464583379841521E-005
   1.5454110407005181E-005
   1.5443232861276171E-005
   1.5431964710897506E-005
   1.5420313664784218E-005
   1.5408280404988334E-005
   1.5395859632295110E-005
   1.5383041902447734E-005
   1.5369815318211001E-005
   1.5356166691676602E-005
   1.5342082215369515E-005
   1.5327547820858095E-005
   1.5312549375167684E-005
   1.5297072799668382E-005
   1.5281104150070063E-005
   1.5264629673976017E-005
   1.5247635853617006E-005
   1.5230109437953406E-005
   1.5212037466792138E-005
   1.5193407288726549E-005
   1.5174206574188925E-005
   1.5154423324562368E-005
   1.5134045878062511E-005
   1.5113062912933219E-005
   1.5091463448379725E-005
   1.5069236843574557E-005
   1.5046372795006267E-005
   1.5022861332391078E-005
   1.4998692813330999E-005
   1.4973857916872641E-005
   1.4948347636099550E-005
   1.4922153269873407E-005
   1.4895266413826574E-005
   1.4867678950697804E-005
   1.4839383040094747E-005
   1.4810371107760642E-005
   1.4780635834417101E-005
   1.4750170144250840E-005
   1.4718967193108949E-005
   1.4687020356464190E-005
   1.4654323217209848E-005
   1.4620869553341464E-005
   1.4586653325581235E-005
   1.4551668664999289E-005
   1.4515909860684868E-005
   1.4479371347519456E-005
   1.4442047694102213E-005
   1.4403933590877892E-005
   1.4365023838515992E-005
   1.4325313336589076E-005
   1.4284797072597387E-005
   1.4243470111386167E-005
   1.4201327585001138E-005
   1.4158364683026733E-005
   1.4114576643451190E-005
   1.4069958744101484E-005
   1.4024506294690517E-005
   1.3978214629518276E-005
   1.3931079100867594E-005
   1.3883095073133366E-005
   1.3834257917712513E-005
   1.3784563008732724E-005
   1.3734005719961942E-005
   1.3682581422407704E-005
   1.3630285481260217E-005
   1.3577113256163849E-005
   1.3523060101604626E-005
   1.3468121368268563E-005
   1.3412292405462624E-005
   1.3355568564630786E-005
   1.3297945203996825E-005
   1.3239417694364983E-005
   1.3179981426108637E-005
   1.3119631817376390E-005
   1.3058364323544099E-005
   1.2996174447940565E-005
   1.2933057753873620E-005
   1.2869009877982347E-005
