   7.9541993467820955E-008
   2.8945122091802788E-009
   1.8848404209074036E-009
   1.4192764247558636E-009
   1.1451662231185249E-009
   9.6453794214399857E-010
   8.3656004825190512E-010
   7.4116626997172362E-010
   6.6734078769900274E-010
   6.0853184652551824E-010
   5.6059816895733535E-010
   5.2079366502034079E-010
   4.8722549181901768E-010
   4.5854649220116665E-010
   4.3377173709459199E-010
   4.1216441801015318E-010
   3.9316231662762906E-010
   3.7632895915220977E-010
   3.6132029994817568E-010
   3.4786146457765547E-010
   3.3573017877090413E-010
   3.2474474365213825E-010
   3.1475516588118344E-010
   3.0563651759859387E-010
   2.9728389859826261E-010
   2.8960856719420443E-010
   2.8253493530767455E-010
   2.7599821068980682E-010
   2.6994252934515751E-010
   2.6431946325059316E-010
   2.5908681824118301E-010
   2.5420765830393193E-010
   2.4964950803894130E-010
   2.4538369644307237E-010
   2.4138481362567523E-010
   2.3763025839929876E-010
   2.3409985947563144E-010
   2.3077555664613277E-010
   2.2764113112841900E-010
   2.2468197640387321E-010
   2.2188490256482057E-010
   2.1923796885514092E-010
   2.1673033962565716E-010
   2.1435215976216398E-010
   2.1209444668525382E-010
   2.0994899641043913E-010
   2.0790830156572423E-010
   2.0596547961633242E-010
   2.0411420983388258E-010
   2.0234867778281815E-010
   2.0066352629059278E-010
   1.9905381202804099E-010
   1.9751496695899371E-010
   1.9604276402855156E-010
   1.9463328655162863E-010
   1.9328290084063866E-010
   1.9198823167619370E-010
   1.9074614027951178E-010
   1.8955370449164899E-010
   1.8840820090407273E-010
   1.8730708871863874E-010
   1.8624799514369473E-010
   1.8522870215754730E-010
   1.8424713449160618E-010
   1.8330134870362835E-010
   1.8238952322715134E-010
   1.8150994929670991E-010
   1.8066102265956198E-010
   1.7984123599999714E-010
   1.7904917199276900E-010
   1.7828349694740509E-010
   1.7754295496441329E-010
   1.7682636256891441E-010
   1.7613260377292527E-010
   1.7546062552776281E-010
   1.7480943353140284E-010
   1.7417808835920367E-010
   1.7356570188959433E-010
   1.7297143399914029E-010
   1.7239448950390828E-010
   1.7183411532628035E-010
   1.7128959786836025E-010
   1.7076026057488862E-010
   1.7024546167017017E-010
   1.6974459205494174E-010
   1.6925707335039379E-010
   1.6878235607768888E-010
   1.6831991796236976E-010
   1.6786926235397037E-010
   1.6742991675198381E-010
   1.6700143143010026E-010
   1.6658337815131298E-010
   1.6617534896710743E-010
   1.6577695509451648E-010
   1.6538782586532593E-010
   1.6500760774218091E-010
   1.6463596339675060E-010
   1.6427257084549361E-010
   1.6391712263888297E-010
   1.6356932510031292E-010
   1.6322889761136476E-010
   1.6289557194061722E-010
   1.6256909161329958E-010
   1.6224921131877049E-010
   1.6193569635276046E-010
   1.6162832209179817E-010
   1.6132687349769369E-010
   1.6103114465020643E-010
   1.6074093830613804E-010
   1.6045606549533426E-010
   1.6017634509753329E-010
   1.5990160348801936E-010
   1.5963167419511652E-010
   1.5936639756119388E-010
   1.5910562042869091E-010
   1.5884919584288234E-010
   1.5859698277033700E-010
   1.5834884583210172E-010
   1.5810465505070230E-010
   1.5786428561012581E-010
   1.5762761762799515E-010
   1.5739453593920739E-010
   1.5716492989035521E-010
   1.5693869314429185E-010
   1.5671572349425054E-010
   1.5649592268696010E-010
   1.5627919625424358E-010
   1.5606545335261323E-010
   1.5585460661041183E-010
   1.5564657198207852E-010
   1.5544126860914337E-010
   1.5523861868758198E-010
   1.5503854734118515E-010
   1.5484098250061988E-010
   1.5464585478787824E-010
   1.5445309740583271E-010
   1.5426264603263042E-010
   1.5407443872067732E-010
   1.5388841579998195E-010
   1.5370451978563513E-010
   1.5352269528922498E-010
   1.5334288893399085E-010
   1.5316504927353809E-010
   1.5298912671393983E-010
   1.5281507343907056E-010
   1.5264284333901521E-010
   1.5247239194141850E-010
   1.5230367634563601E-010
   1.5213665515956132E-010
   1.5197128843901705E-010
