   1.4870770939146397E-005
   1.4512914546185502E-005
   1.3146524019209043E-005
   9.8391707133752057E-006
   3.7238895797756857E-006
   3.4580276804378474E-007
   2.2585491578712079E-007
   1.5816641832275875E-007
   1.1611630077635919E-007
   8.8418172775304139E-008
   6.9316548544327154E-008
   5.5646979154242329E-008
   4.5562223264288126E-008
   3.7929925619380106E-008
   3.2027101139765944E-008
   2.7375942900961098E-008
   2.3651192237338883E-008
   2.0625673117654597E-008
   1.8137101667174356E-008
   1.6067219545829313E-008
   1.4328309699409561E-008
   1.2854267378671128E-008
   1.1594557069277624E-008
   1.0510041447198096E-008
   9.5700508132075568E-009
   8.7502905424530520E-009
   8.0313247163294488E-009
   7.3974622906537559E-009
   6.8359284647379220E-009
   6.3362411983228131E-009
   5.8897372846374717E-009
   5.4892084147555710E-009
   5.1286190654293008E-009
   4.8028859214503005E-009
   4.5077040171051129E-009
   4.2394086632107389E-009
   3.9948650132509623E-009
   3.7713791438806795E-009
   3.5666260059023668E-009
   3.3785906963815342E-009
   3.2055203185915109E-009
   3.0458843098054908E-009
   2.8983415814829158E-009
   2.7617131708122205E-009
   2.6349593748586708E-009
   2.5171605491084823E-009
   2.4075009160567094E-009
   2.3052548577564196E-009
   2.2097752672358527E-009
   2.1204836136352825E-009
   2.0368614395314557E-009
   1.9584430597935222E-009
   1.8848092721958189E-009
   1.8155819230143728E-009
   1.7504191975913969E-009
   1.6890115276387190E-009
   1.6310779699336181E-009
   1.5763633136046153E-009
   1.5246350109507392E-009
   1.4756810118285090E-009
   1.4293075963345509E-009
   1.3853375148833825E-009
   1.3436083441383152E-009
   1.3039710306920493E-009
   1.2662885984379146E-009
   1.2304349989814797E-009
   1.1962940873230734E-009
   1.1637587074755998E-009
   1.1327298748160603E-009
   1.1031160435527558E-009
   1.0748324495157274E-009
   1.0478005194410673E-009
   1.0219473392308468E-009
   9.9720517455341411E-010
   9.7351103798583730E-010
   9.5080629761911488E-010
   9.2903632266921410E-010
   9.0815016217115141E-010
   8.8810025329162674E-010
   8.6884215619237688E-010
   8.5033431272424363E-010
   8.3253782653873475E-010
   8.1541626247464196E-010
   7.9893546331541845E-010
   7.8306338222253581E-010
   7.6776992933398232E-010
   7.5302683117903903E-010
   7.3880750170332213E-010
   7.2508692382397672E-010
   7.1184154054666333E-010
   6.9904915477471730E-010
   6.8668883702864030E-010
   6.7474084037218083E-010
   6.6318652191061492E-010
   6.5200827028889929E-010
   6.4118943867256839E-010
   6.3071428274374189E-010
   6.2056790328885265E-010
   6.1073619299430643E-010
   6.0120578710194635E-010
   5.9196401760809343E-010
   5.8299887071864902E-010
   5.7429894729874177E-010
   5.6585342607855627E-010
   5.5765202939814977E-010
   5.4968499129299508E-010
   5.4194302773918526E-010
   5.3441730889278392E-010
   5.2709943317187453E-010
   5.1998140304262334E-010
   5.1305560238231318E-010
   5.0631477530271611E-010
   4.9975200632689055E-010
   4.9336070182105431E-010
   4.8713457259123420E-010
   4.8106761756152927E-010
   4.7515410845750644E-010
   4.6938857542419614E-010
   4.6376579351371115E-010
   4.5828076998253130E-010
   4.5292873234308213E-010
   4.4770511711851393E-010
   4.4260555925337210E-010
   4.3762588213647617E-010
   4.3276208819555101E-010
   4.2801035002611989E-010
   4.2336700201997442E-010
   4.1882853246102048E-010
   4.1439157605864569E-010
   4.1005290689089762E-010
   4.0580943173173814E-010
   4.0165818373846076E-010
   3.9759631647702541E-010
   3.9362109826464778E-010
   3.8972990681038377E-010
   3.8592022413577572E-010
   3.8218963175888155E-010
   3.7853580612611303E-010
   3.7495651427734803E-010
   3.7144960973078850E-010
   3.6801302857491035E-010
   3.6464478575568053E-010
   3.6134297154801099E-010
   3.5810574820111151E-010
   3.5493134674809354E-010
   3.5181806397076883E-010
   3.4876425951117668E-010
   3.4576835312190617E-010
   3.4282882204776885E-010
   3.3994419853183611E-010
