   1.4899801738227977E-005
   1.4895300208734564E-005
   1.4890997201892031E-005
   1.4886479455094795E-005
   1.4880684665700970E-005
   1.4871954822259119E-005
   1.4859126757818058E-005
   1.4839434310893245E-005
   1.4808677111474813E-005
   1.4761114153775992E-005
   1.4689274988369096E-005
   1.4583816285409662E-005
   1.4433429370580742E-005
   1.4224804886291023E-005
   1.3942663617450091E-005
   1.3569868417068154E-005
   1.3087643143205296E-005
   1.2475945334203419E-005
   1.1714081048471742E-005
   1.0781739813034209E-005
   9.6608356885558846E-006
   8.3390705469788330E-006
   6.8176384953615579E-006
   5.1302660959113856E-006
   3.3967430275635060E-006
   1.9576704193058046E-006
   1.2665417836725682E-006
   1.0267784434849502E-006
   8.7442907888351642E-007
   7.5384017349260855E-007
   6.5559912125130293E-007
   5.7434701922635658E-007
   5.0636134401016788E-007
   4.4893293878181580E-007
   4.0002919079988740E-007
   3.5809058879322943E-007
   3.2189962219464229E-007
   2.9049230425592772E-007
   2.6309635015572962E-007
   2.3908679249213230E-007
   2.1798456987346768E-007
   1.9933203245964114E-007
   1.8277760513610768E-007
   1.6803484572511283E-007
   1.5486288333455978E-007
   1.4305818990866768E-007
   1.3244800595118464E-007
   1.2288505566381704E-007
   1.1424327390243778E-007
   1.0641433217392285E-007
   9.9304799464487193E-008
   9.2833810343830838E-008
   8.6931140642981113E-008
   8.1535612310945615E-008
   7.6593765458555512E-008
   7.2058748302870510E-008
   6.7889385623496016E-008
   6.4049394096375415E-008
   6.0506718977852669E-008
   5.7232971446575378E-008
   5.4202949756927924E-008
   5.1394230431822767E-008
   4.8786818190807863E-008
   4.6362845299655478E-008
   4.4106312639086893E-008
   4.2002866100348727E-008
   4.0039602984439544E-008
   3.8204903957379055E-008
   3.6488286833743147E-008
   3.4880279053845711E-008
   3.3372306211128290E-008
   3.1956594394505326E-008
   3.0626084450707627E-008
   2.9374356558073067E-008
   2.8195563743403154E-008
   2.7084373173321122E-008
   2.6035914216785624E-008
   2.5045732413839217E-008
   2.4109748604491963E-008
   2.3224222574666007E-008
   2.2385720664782188E-008
   2.1591086862001653E-008
   2.0837416961054124E-008
   2.0122035432910044E-008
   1.9442474686995249E-008
   1.8796456452543057E-008
   1.8181875039083325E-008
   1.7596782265800632E-008
   1.7039373875243397E-008
   1.6507977269200614E-008
   1.6001040423972060E-008
   1.5517121859148319E-008
   1.5054881548741927E-008
   1.4613072676367896E-008
   1.4190534147414254E-008
   1.3786183780991311E-008
   1.3399012113086084E-008
   1.3028076749936846E-008
   1.2672497217319338E-008
   1.2331450257318759E-008
   1.2004165529351244E-008
   1.1689921676784851E-008
   1.1388042724565740E-008
   1.1097894776851140E-008
   1.0818882986837249E-008
   1.0550448773802523E-008
   1.0292067264904826E-008
   1.0043244941513018E-008
   9.8035174718522892E-009
   9.5724477135253758E-009
   9.3496238710675997E-009
   9.1346577951165793E-009
   8.9271834110567678E-009
   8.7268552661417037E-009
   8.5333471851244049E-009
   8.3463510253496531E-009
   8.1655755230903601E-009
   7.9907452236585369E-009
   7.8215994884931602E-009
   7.6578915730352587E-009
   7.4993877697473624E-009
   7.3458666111310706E-009
   7.1971181280428880E-009
   7.0529431590151747E-009
   6.9131527066551067E-009
   6.7775673375291974E-009
   6.6460166222416673E-009
   6.5183386126909123E-009
   6.3943793537371418E-009
   6.2739924267422071E-009
   6.1570385226481200E-009
   6.0433850424513080E-009
   5.9329057230993476E-009
   5.8254802869957887E-009
   5.7209941134411557E-009
   5.6193379304685799E-009
   5.5204075256531555E-009
   5.4241034745836897E-009
   5.3303308857853222E-009
   5.2389991609744678E-009
   5.1500217696112017E-009
   5.0633160367920161E-009
   4.9788029435970310E-009
   4.8964069390709352E-009
   4.8160557630773106E-009
   4.7376802793210346E-009
   4.6612143178846540E-009
   4.5865945266710920E-009
   4.5137602311887155E-009
   4.4426533021544787E-009
