   1.4899922313837784E-005
   1.4895749351216046E-005
   1.4892042638759659E-005
   1.4888748888601519E-005
   1.4885819668832092E-005
   1.4883210837740014E-005
   1.4880882035553570E-005
   1.4878796130163090E-005
   1.4876918486017780E-005
   1.4875215997668942E-005
   1.4873655807998277E-005
   1.4872203650844361E-005
   1.4870821773486122E-005
   1.4869466414687676E-005
   1.4868084841949049E-005
   1.4866611986708393E-005
   1.4864966754949173E-005
   1.4863048130400744E-005
   1.4860731231695285E-005
   1.4857863547649366E-005
   1.4854261690803488E-005
   1.4849709263825285E-005
   1.4843957064350431E-005
   1.4836728616049500E-005
   1.4827739564975726E-005
   1.4816757050739717E-005
   1.4803732183570886E-005
   1.4788750848728731E-005
   1.4771672413904235E-005
   1.4752180113023331E-005
   1.4729900339799162E-005
   1.4704417588652651E-005
   1.4675274395441179E-005
   1.4641970421030834E-005
   1.4603961355744550E-005
   1.4560657773342096E-005
   1.4511424015421050E-005
   1.4455577177646211E-005
   1.4392386273546457E-005
   1.4321071662044411E-005
   1.4240804842677123E-005
   1.4150708731711666E-005
   1.4049858486617852E-005
   1.3937283140584843E-005
   1.3811968100649512E-005
   1.3672858689515740E-005
   1.3518864907121495E-005
   1.3348867598521744E-005
   1.3161726236056997E-005
   1.2956288555298782E-005
   1.2731402330812064E-005
   1.2485929645482462E-005
   1.2218764103717277E-005
   1.1928851574056085E-005
   1.1615215233310337E-005
   1.1276985938870478E-005
   1.0913439299842702E-005
   1.0524041278635483E-005
   1.0108504765461676E-005
   9.6668603636370967E-006
   9.1995456274466864E-006
   8.7075181870601962E-006
   8.1923994350825665E-006
   7.6566562978827211E-006
   7.1038279601686234E-006
   6.5387997183847181E-006
   5.9681121071528976E-006
   5.4002601562513973E-006
   4.8458699825046557E-006
   4.3175257179286511E-006
   3.8288853512600397E-006
   3.3927151090998442E-006
   3.0179023515372350E-006
   2.7065504485265884E-006
   2.4531381252425127E-006
   2.2468425982013164E-006
   2.0756350780874058E-006
   1.9295101844030183E-006
   1.8015615241996688E-006
   1.6874824273433783E-006
   1.5846131125336299E-006
   1.4911914164669138E-006
   1.4059306380177080E-006
   1.3278191981991586E-006
   1.2560277107749113E-006
   1.1898603250874045E-006
   1.1287246658160814E-006
   1.0721110431927277E-006
   1.0195771900284326E-006
   9.7073665768049607E-007
   9.2524977319774744E-007
   8.8281645529002886E-007
   8.4317041693731721E-007
   8.0607442557534414E-007
   7.7131638485841925E-007
   7.3870606467418856E-007
   7.0807234952935315E-007
   6.7926090628260689E-007
   6.5213219458247700E-007
   6.2655975990042947E-007
   6.0242876146071369E-007
   5.7963469681920632E-007
   5.5808229213350111E-007
   5.3768453285451485E-007
   5.1836181405469827E-007
   5.0004119317784612E-007
   4.8265573086162751E-007
   4.6614390780347020E-007
   4.5044910753111735E-007
   4.3551915649076944E-007
   4.2130591414677472E-007
   4.0776490685066746E-007
   3.9485500012534097E-007
   3.8253810475516475E-007
   3.7077891270060119E-007
   3.5954465938722224E-007
   3.4880490937046952E-007
   3.3853136276251501E-007
   3.2869768013711968E-007
   3.1927932391134129E-007
   3.1025341444666685E-007
   3.0159859932268911E-007
   2.9329493441884425E-007
   2.8532377559815047E-007
   2.7766767992480685E-007
   2.7031031546793305E-007
   2.6323637884900946E-007
   2.5643151978295107E-007
   2.4988227194379364E-007
   2.4357598955740811E-007
   2.3750078918660028E-007
   2.3164728504533771E-007
   2.2600419831836948E-007
   2.2056023994021788E-007
   2.1530612251248402E-007
   2.1023308993021876E-007
   2.0533287973524812E-007
   2.0059769052503874E-007
   1.9602015267138785E-007
   1.9159330058005728E-007
   1.8731054696938939E-007
   1.8316565900365346E-007
   1.7915273613161601E-007
   1.7526618949409322E-007
   1.7150072277627032E-007
   1.6785131439140769E-007
   1.6431320089239340E-007
   1.6088186151646984E-007
   1.5755300377655866E-007
   1.5432255001988485E-007
