   1.4899802325941812E-005
   1.4895314516631029E-005
   1.4891134043440934E-005
   1.4887239489793070E-005
   1.4883610752762951E-005
   1.4880228885534722E-005
   1.4877075960583371E-005
   1.4874134955094521E-005
   1.4871389657836249E-005
   1.4868824595410097E-005
   1.4866424975064079E-005
   1.4864176641071104E-005
   1.4862066041764697E-005
   1.4860080204541711E-005
   1.4858206716414052E-005
   1.4856433707976056E-005
   1.4854749838931932E-005
   1.4853144283587934E-005
   1.4851606714960492E-005
   1.4850127286388896E-005
   1.4848696609784624E-005
   1.4847305729925868E-005
   1.4845946094583308E-005
   1.4844609520932245E-005
   1.4843288160304246E-005
   1.4841974467974414E-005
   1.4840661193001353E-005
   1.4839341373868800E-005
   1.4838008272759660E-005
   1.4836655287556193E-005
   1.4835275882589149E-005
   1.4833863521985415E-005
   1.4832411600294812E-005
   1.4830913370606523E-005
   1.4829361870802876E-005
   1.4827749848670146E-005
   1.4826069686634271E-005
   1.4824313326923754E-005
   1.4822472197987047E-005
   1.4820537143008738E-005
   1.4818498351379402E-005
   1.4816345293979883E-005
   1.4814066663121626E-005
   1.4811650318018285E-005
   1.4809083236643274E-005
   1.4806351474829627E-005
   1.4803440133484324E-005
   1.4800333334814060E-005
   1.4797014208504699E-005
   1.4793464888870339E-005
   1.4789666524101069E-005
   1.4785599298906643E-005
   1.4781242472095167E-005
   1.4776574430968357E-005
   1.4771572764892211E-005
   1.4766214361059892E-005
   1.4760475526362765E-005
   1.4754332140498925E-005
   1.4747759847064512E-005
   1.4740734291473701E-005
   1.4733231417177175E-005
   1.4725227834676861E-005
   1.4716701280741739E-005
   1.4707631186536541E-005
   1.4697999369558502E-005
   1.4687790847829586E-005
   1.4676994731633486E-005
   1.4665605057031551E-005
   1.4653621269682645E-005
   1.4641047879493589E-005
   1.4627892751189861E-005
   1.4614163877810869E-005
   1.4599865407557792E-005
   1.4584994511307634E-005
   1.4569540367161650E-005
   1.4553485196602692E-005
   1.4536806250026869E-005
   1.4519477674348223E-005
   1.4501471811575588E-005
   1.4482759967657582E-005
   1.4463312849943102E-005
   1.4443100835704092E-005
   1.4422094159665491E-005
   1.4400263059157588E-005
   1.4377577893118927E-005
   1.4354009242670369E-005
   1.4329527997682175E-005
   1.4304105432215947E-005
   1.4277713270855081E-005
   1.4250323747390569E-005
   1.4221909656964610E-005
   1.4192444402522674E-005
   1.4161902036245351E-005
   1.4130257296501571E-005
   1.4097485640768270E-005
   1.4063563274890436E-005
   1.4028467179000750E-005
   1.3992175130377062E-005
   1.3954665723483979E-005
   1.3915918387421153E-005
   1.3875913400981170E-005
   1.3834631905506123E-005
   1.3792055915720580E-005
   1.3748168328709798E-005
   1.3702952931205123E-005
   1.3656394405333838E-005
   1.3608478332986031E-005
   1.3559191198948135E-005
   1.3508520392950086E-005
   1.3456454210771265E-005
   1.3402981854548137E-005
   1.3348093432425484E-005
   1.3291779957691560E-005
   1.3234033347536128E-005
   1.3174846421569174E-005
   1.3114212900236877E-005
   1.3052127403269646E-005
   1.2988585448295950E-005
   1.2923583449753698E-005
   1.2857118718229277E-005
   1.2789189460352035E-005
   1.2719794779370419E-005
   1.2648934676532460E-005
   1.2576610053391509E-005
   1.2502822715154329E-005
   1.2427575375185869E-005
   1.2350871660780666E-005
   1.2272716120309083E-005
   1.2193114232625097E-005
   1.2112072416137154E-005
   1.2029598040257642E-005
   1.1945699439748544E-005
   1.1860385930158699E-005
   1.1773667825134996E-005
   1.1685556455686768E-005
   1.1596064191458283E-005
   1.1505204464050562E-005
   1.1412991792422708E-005
   1.1319441810390191E-005
   1.1224571296222795E-005
   1.1128398204329866E-005
   1.1030941699002469E-005
   1.0932222190163219E-005
   1.0832261371052774E-005
   1.0731082257758869E-005
   1.0628709230467196E-005
   1.0525168076285317E-005
   1.0420486033459080E-005
   1.0314691836766461E-005
   1.0207815763836387E-005
